Led(0, 0): (254, 254, 254, 255)
Led(1, 0): (254, 254, 254, 255)
Led(2, 0): (254, 254, 254, 255)
Led(3, 0): (254, 254, 254, 255)
Led(4, 0): (254, 254, 254, 255)
Led(5, 0): (254, 254, 254, 255)
Led(6, 0): (254, 254, 254, 255)
Led(7, 0): (254, 254, 254, 255)
Led(8, 0): (254, 254, 254, 255)
Led(9, 0): (254, 254, 254, 255)
Led(10, 0): (254, 254, 254, 255)
Led(11, 0): (254, 254, 254, 255)
Led(12, 0): (254, 254, 254, 255)
Led(13, 0): (254, 254, 254, 255)
Led(14, 0): (254, 254, 254, 255)
Led(15, 0): (254, 254, 254, 255)
Led(16, 0): (254, 254, 254, 255)
Led(17, 0): (254, 254, 254, 255)
Led(18, 0): (254, 254, 254, 255)
Led(19, 0): (254, 254, 254, 255)
Led(20, 0): (254, 254, 254, 255)
Led(21, 0): (251, 255, 252, 255)
Led(22, 0): (251, 255, 255, 255)
Led(23, 0): (251, 253, 254, 255)
Led(24, 0): (252, 253, 249, 255)
Led(25, 0): (252, 249, 243, 255)
Led(26, 0): (251, 247, 244, 255)
Led(27, 0): (254, 251, 250, 255)
Led(28, 0): (254, 252, 248, 255)
Led(29, 0): (255, 253, 252, 255)
Led(30, 0): (255, 253, 255, 255)
Led(31, 0): (254, 254, 250, 255)
Led(32, 0): (254, 254, 254, 255)
Led(33, 0): (254, 254, 254, 255)
Led(34, 0): (254, 254, 254, 255)
Led(35, 0): (254, 254, 254, 255)
Led(36, 0): (254, 254, 254, 255)
Led(37, 0): (254, 254, 254, 255)
Led(38, 0): (254, 254, 254, 255)
Led(39, 0): (254, 254, 254, 255)
Led(40, 0): (254, 254, 254, 255)
Led(41, 0): (254, 254, 254, 255)
Led(42, 0): (254, 254, 254, 255)
Led(43, 0): (254, 254, 254, 255)
Led(44, 0): (254, 254, 254, 255)
Led(45, 0): (254, 254, 254, 255)
Led(46, 0): (254, 254, 254, 255)
Led(47, 0): (254, 254, 254, 255)
Led(48, 0): (254, 254, 254, 255)
Led(49, 0): (254, 254, 254, 255)
Led(0, 1): (254, 254, 254, 255)
Led(1, 1): (254, 254, 254, 255)
Led(2, 1): (254, 254, 254, 255)
Led(3, 1): (254, 254, 254, 255)
Led(4, 1): (254, 254, 254, 255)
Led(5, 1): (254, 254, 254, 255)
Led(6, 1): (254, 254, 254, 255)
Led(7, 1): (254, 254, 254, 255)
Led(8, 1): (254, 254, 254, 255)
Led(9, 1): (254, 254, 254, 255)
Led(10, 1): (254, 254, 254, 255)
Led(11, 1): (254, 254, 254, 255)
Led(12, 1): (254, 254, 254, 255)
Led(13, 1): (254, 254, 254, 255)
Led(14, 1): (254, 254, 254, 255)
Led(15, 1): (254, 254, 254, 255)
Led(16, 1): (254, 254, 254, 255)
Led(17, 1): (254, 254, 254, 255)
Led(18, 1): (254, 254, 254, 255)
Led(19, 1): (254, 254, 254, 255)
Led(20, 1): (254, 254, 254, 255)
Led(21, 1): (252, 254, 253, 255)
Led(22, 1): (253, 252, 247, 255)
Led(23, 1): (243, 233, 219, 255)
Led(24, 1): (197, 178, 155, 255)
Led(25, 1): (164, 143, 117, 255)
Led(26, 1): (164, 143, 120, 255)
Led(27, 1): (192, 171, 151, 255)
Led(28, 1): (214, 195, 177, 255)
Led(29, 1): (239, 228, 217, 255)
Led(30, 1): (253, 253, 250, 255)
Led(31, 1): (248, 255, 255, 255)
Led(32, 1): (254, 254, 254, 255)
Led(33, 1): (254, 254, 254, 255)
Led(34, 1): (254, 254, 254, 255)
Led(35, 1): (254, 254, 254, 255)
Led(36, 1): (254, 254, 254, 255)
Led(37, 1): (254, 254, 254, 255)
Led(38, 1): (254, 254, 254, 255)
Led(39, 1): (254, 254, 254, 255)
Led(40, 1): (254, 254, 254, 255)
Led(41, 1): (254, 254, 254, 255)
Led(42, 1): (254, 254, 254, 255)
Led(43, 1): (254, 254, 254, 255)
Led(44, 1): (254, 254, 254, 255)
Led(45, 1): (254, 254, 254, 255)
Led(46, 1): (254, 254, 254, 255)
Led(47, 1): (254, 254, 254, 255)
Led(48, 1): (254, 254, 254, 255)
Led(49, 1): (254, 254, 254, 255)
Led(0, 2): (254, 254, 254, 255)
Led(1, 2): (254, 254, 254, 255)
Led(2, 2): (254, 254, 254, 255)
Led(3, 2): (254, 254, 254, 255)
Led(4, 2): (254, 254, 254, 255)
Led(5, 2): (254, 254, 254, 255)
Led(6, 2): (254, 254, 254, 255)
Led(7, 2): (254, 254, 254, 255)
Led(8, 2): (254, 254, 254, 255)
Led(9, 2): (254, 254, 254, 255)
Led(10, 2): (254, 254, 254, 255)
Led(11, 2): (254, 254, 254, 255)
Led(12, 2): (254, 254, 254, 255)
Led(13, 2): (254, 254, 254, 255)
Led(14, 2): (254, 254, 254, 255)
Led(15, 2): (254, 254, 254, 255)
Led(16, 2): (254, 254, 254, 255)
Led(17, 2): (254, 254, 254, 255)
Led(18, 2): (254, 254, 254, 255)
Led(19, 2): (254, 254, 254, 255)
Led(20, 2): (252, 252, 252, 255)
Led(21, 2): (250, 243, 236, 255)
Led(22, 2): (211, 192, 171, 255)
Led(23, 2): (168, 143, 109, 255)
Led(24, 2): (139, 109, 74, 255)
Led(25, 2): (132, 99, 65, 255)
Led(26, 2): (135, 102, 71, 255)
Led(27, 2): (154, 121, 92, 255)
Led(28, 2): (161, 129, 102, 255)
Led(29, 2): (180, 156, 130, 255)
Led(30, 2): (216, 204, 185, 255)
Led(31, 2): (252, 249, 243, 255)
Led(32, 2): (254, 254, 254, 255)
Led(33, 2): (254, 254, 254, 255)
Led(34, 2): (254, 254, 254, 255)
Led(35, 2): (254, 254, 254, 255)
Led(36, 2): (254, 254, 254, 255)
Led(37, 2): (254, 254, 254, 255)
Led(38, 2): (254, 254, 254, 255)
Led(39, 2): (254, 254, 254, 255)
Led(40, 2): (254, 254, 254, 255)
Led(41, 2): (254, 254, 254, 255)
Led(42, 2): (254, 254, 254, 255)
Led(43, 2): (254, 254, 254, 255)
Led(44, 2): (254, 254, 254, 255)
Led(45, 2): (254, 254, 254, 255)
Led(46, 2): (254, 254, 254, 255)
Led(47, 2): (254, 254, 254, 255)
Led(48, 2): (254, 254, 254, 255)
Led(49, 2): (254, 254, 254, 255)
Led(0, 3): (254, 254, 254, 255)
Led(1, 3): (254, 254, 254, 255)
Led(2, 3): (254, 254, 254, 255)
Led(3, 3): (254, 254, 254, 255)
Led(4, 3): (254, 254, 254, 255)
Led(5, 3): (254, 254, 254, 255)
Led(6, 3): (254, 254, 254, 255)
Led(7, 3): (254, 254, 254, 255)
Led(8, 3): (254, 254, 254, 255)
Led(9, 3): (254, 254, 254, 255)
Led(10, 3): (254, 254, 254, 255)
Led(11, 3): (254, 254, 254, 255)
Led(12, 3): (254, 254, 254, 255)
Led(13, 3): (254, 254, 254, 255)
Led(14, 3): (254, 254, 254, 255)
Led(15, 3): (254, 254, 254, 255)
Led(16, 3): (254, 254, 254, 255)
Led(17, 3): (254, 254, 254, 255)
Led(18, 3): (254, 254, 254, 255)
Led(19, 3): (254, 254, 250, 255)
Led(20, 3): (243, 236, 226, 255)
Led(21, 3): (202, 177, 155, 255)
Led(22, 3): (171, 140, 106, 255)
Led(23, 3): (142, 112, 72, 255)
Led(24, 3): (128, 96, 59, 255)
Led(25, 3): (137, 98, 69, 255)
Led(26, 3): (128, 93, 64, 255)
Led(27, 3): (131, 96, 68, 255)
Led(28, 3): (155, 119, 92, 255)
Led(29, 3): (169, 136, 105, 255)
Led(30, 3): (175, 147, 118, 255)
Led(31, 3): (201, 179, 158, 255)
Led(32, 3): (249, 244, 237, 255)
Led(33, 3): (252, 253, 251, 255)
Led(34, 3): (252, 255, 254, 255)
Led(35, 3): (254, 254, 252, 255)
Led(36, 3): (254, 254, 254, 255)
Led(37, 3): (254, 254, 254, 255)
Led(38, 3): (254, 254, 254, 255)
Led(39, 3): (254, 254, 254, 255)
Led(40, 3): (254, 254, 254, 255)
Led(41, 3): (254, 254, 254, 255)
Led(42, 3): (254, 254, 254, 255)
Led(43, 3): (254, 254, 254, 255)
Led(44, 3): (254, 254, 254, 255)
Led(45, 3): (254, 254, 254, 255)
Led(46, 3): (254, 254, 254, 255)
Led(47, 3): (254, 254, 254, 255)
Led(48, 3): (254, 254, 254, 255)
Led(49, 3): (254, 254, 254, 255)
Led(0, 4): (254, 254, 254, 255)
Led(1, 4): (254, 254, 254, 255)
Led(2, 4): (254, 254, 254, 255)
Led(3, 4): (254, 254, 254, 255)
Led(4, 4): (254, 254, 254, 255)
Led(5, 4): (254, 254, 254, 255)
Led(6, 4): (254, 254, 254, 255)
Led(7, 4): (254, 254, 254, 255)
Led(8, 4): (254, 254, 254, 255)
Led(9, 4): (254, 254, 254, 255)
Led(10, 4): (254, 254, 254, 255)
Led(11, 4): (254, 254, 254, 255)
Led(12, 4): (254, 254, 254, 255)
Led(13, 4): (254, 254, 254, 255)
Led(14, 4): (254, 254, 254, 255)
Led(15, 4): (254, 254, 254, 255)
Led(16, 4): (254, 254, 254, 255)
Led(17, 4): (254, 254, 254, 255)
Led(18, 4): (252, 252, 253, 255)
Led(19, 4): (237, 229, 215, 255)
Led(20, 4): (199, 172, 145, 255)
Led(21, 4): (180, 141, 107, 255)
Led(22, 4): (156, 116, 81, 255)
Led(23, 4): (148, 108, 73, 255)
Led(24, 4): (151, 110, 76, 255)
Led(25, 4): (143, 101, 72, 255)
Led(26, 4): (105, 71, 40, 255)
Led(27, 4): (120, 85, 54, 255)
Led(28, 4): (145, 106, 78, 255)
Led(29, 4): (145, 107, 80, 255)
Led(30, 4): (151, 116, 88, 255)
Led(31, 4): (161, 129, 100, 255)
Led(32, 4): (190, 173, 150, 255)
Led(33, 4): (248, 246, 236, 255)
Led(34, 4): (252, 255, 254, 255)
Led(35, 4): (253, 254, 254, 255)
Led(36, 4): (254, 254, 254, 255)
Led(37, 4): (254, 254, 254, 255)
Led(38, 4): (254, 254, 254, 255)
Led(39, 4): (254, 254, 254, 255)
Led(40, 4): (254, 254, 254, 255)
Led(41, 4): (254, 254, 254, 255)
Led(42, 4): (254, 254, 254, 255)
Led(43, 4): (254, 254, 254, 255)
Led(44, 4): (254, 254, 254, 255)
Led(45, 4): (254, 254, 254, 255)
Led(46, 4): (254, 254, 254, 255)
Led(47, 4): (254, 254, 254, 255)
Led(48, 4): (254, 254, 254, 255)
Led(49, 4): (254, 254, 254, 255)
Led(0, 5): (254, 254, 254, 255)
Led(1, 5): (254, 254, 254, 255)
Led(2, 5): (254, 254, 254, 255)
Led(3, 5): (254, 254, 254, 255)
Led(4, 5): (254, 254, 254, 255)
Led(5, 5): (254, 254, 254, 255)
Led(6, 5): (254, 254, 254, 255)
Led(7, 5): (254, 254, 254, 255)
Led(8, 5): (254, 254, 254, 255)
Led(9, 5): (254, 254, 254, 255)
Led(10, 5): (254, 254, 254, 255)
Led(11, 5): (254, 254, 254, 255)
Led(12, 5): (254, 254, 254, 255)
Led(13, 5): (254, 254, 254, 255)
Led(14, 5): (254, 254, 254, 255)
Led(15, 5): (254, 254, 254, 255)
Led(16, 5): (254, 254, 254, 255)
Led(17, 5): (254, 254, 254, 255)
Led(18, 5): (242, 238, 231, 255)
Led(19, 5): (200, 177, 152, 255)
Led(20, 5): (204, 163, 129, 255)
Led(21, 5): (188, 139, 107, 255)
Led(22, 5): (176, 126, 94, 255)
Led(23, 5): (154, 104, 72, 255)
Led(24, 5): (148, 98, 67, 255)
Led(25, 5): (139, 91, 62, 255)
Led(26, 5): (107, 68, 36, 255)
Led(27, 5): (126, 86, 54, 255)
Led(28, 5): (153, 108, 79, 255)
Led(29, 5): (153, 110, 81, 255)
Led(30, 5): (161, 121, 91, 255)
Led(31, 5): (144, 107, 76, 255)
Led(32, 5): (142, 118, 84, 255)
Led(33, 5): (202, 188, 167, 255)
Led(34, 5): (254, 253, 250, 255)
Led(35, 5): (252, 253, 255, 255)
Led(36, 5): (254, 254, 254, 255)
Led(37, 5): (254, 254, 254, 255)
Led(38, 5): (254, 254, 254, 255)
Led(39, 5): (254, 254, 254, 255)
Led(40, 5): (254, 254, 254, 255)
Led(41, 5): (254, 254, 254, 255)
Led(42, 5): (254, 254, 254, 255)
Led(43, 5): (254, 254, 254, 255)
Led(44, 5): (254, 254, 254, 255)
Led(45, 5): (254, 254, 254, 255)
Led(46, 5): (254, 254, 254, 255)
Led(47, 5): (254, 254, 254, 255)
Led(48, 5): (254, 254, 254, 255)
Led(49, 5): (254, 254, 254, 255)
Led(0, 6): (254, 254, 254, 255)
Led(1, 6): (254, 254, 254, 255)
Led(2, 6): (254, 254, 254, 255)
Led(3, 6): (254, 254, 254, 255)
Led(4, 6): (254, 254, 254, 255)
Led(5, 6): (254, 254, 254, 255)
Led(6, 6): (254, 254, 254, 255)
Led(7, 6): (254, 254, 254, 255)
Led(8, 6): (254, 254, 254, 255)
Led(9, 6): (254, 254, 254, 255)
Led(10, 6): (254, 254, 254, 255)
Led(11, 6): (254, 254, 254, 255)
Led(12, 6): (254, 254, 254, 255)
Led(13, 6): (254, 254, 254, 255)
Led(14, 6): (254, 254, 254, 255)
Led(15, 6): (254, 254, 254, 255)
Led(16, 6): (254, 254, 254, 255)
Led(17, 6): (254, 253, 251, 255)
Led(18, 6): (208, 191, 171, 255)
Led(19, 6): (207, 172, 136, 255)
Led(20, 6): (208, 164, 132, 255)
Led(21, 6): (198, 151, 121, 255)
Led(22, 6): (202, 153, 121, 255)
Led(23, 6): (190, 142, 110, 255)
Led(24, 6): (162, 112, 81, 255)
Led(25, 6): (153, 100, 70, 255)
Led(26, 6): (125, 80, 48, 255)
Led(27, 6): (136, 91, 58, 255)
Led(28, 6): (162, 113, 83, 255)
Led(29, 6): (182, 135, 105, 255)
Led(30, 6): (180, 135, 105, 255)
Led(31, 6): (163, 121, 89, 255)
Led(32, 6): (136, 103, 70, 255)
Led(33, 6): (159, 133, 105, 255)
Led(34, 6): (251, 245, 234, 255)
Led(35, 6): (252, 254, 254, 255)
Led(36, 6): (254, 254, 254, 255)
Led(37, 6): (254, 254, 254, 255)
Led(38, 6): (254, 254, 254, 255)
Led(39, 6): (254, 254, 254, 255)
Led(40, 6): (254, 254, 254, 255)
Led(41, 6): (254, 254, 254, 255)
Led(42, 6): (254, 254, 254, 255)
Led(43, 6): (254, 254, 254, 255)
Led(44, 6): (254, 254, 254, 255)
Led(45, 6): (254, 254, 254, 255)
Led(46, 6): (254, 254, 254, 255)
Led(47, 6): (254, 254, 254, 255)
Led(48, 6): (254, 254, 254, 255)
Led(49, 6): (254, 254, 254, 255)
Led(0, 7): (254, 254, 254, 255)
Led(1, 7): (254, 254, 254, 255)
Led(2, 7): (254, 254, 254, 255)
Led(3, 7): (254, 254, 254, 255)
Led(4, 7): (254, 254, 254, 255)
Led(5, 7): (254, 254, 254, 255)
Led(6, 7): (254, 254, 254, 255)
Led(7, 7): (254, 254, 254, 255)
Led(8, 7): (254, 254, 254, 255)
Led(9, 7): (254, 254, 254, 255)
Led(10, 7): (254, 254, 254, 255)
Led(11, 7): (254, 254, 254, 255)
Led(12, 7): (254, 254, 254, 255)
Led(13, 7): (254, 254, 254, 255)
Led(14, 7): (254, 254, 254, 255)
Led(15, 7): (254, 254, 254, 255)
Led(16, 7): (255, 255, 255, 255)
Led(17, 7): (252, 247, 240, 255)
Led(18, 7): (193, 160, 129, 255)
Led(19, 7): (204, 166, 134, 255)
Led(20, 7): (209, 168, 138, 255)
Led(21, 7): (215, 171, 143, 255)
Led(22, 7): (212, 167, 139, 255)
Led(23, 7): (202, 157, 128, 255)
Led(24, 7): (205, 159, 130, 255)
Led(25, 7): (191, 143, 113, 255)
Led(26, 7): (168, 119, 89, 255)
Led(27, 7): (180, 128, 99, 255)
Led(28, 7): (185, 133, 105, 255)
Led(29, 7): (184, 137, 109, 255)
Led(30, 7): (179, 135, 105, 255)
Led(31, 7): (171, 129, 99, 255)
Led(32, 7): (143, 112, 78, 255)
Led(33, 7): (141, 111, 79, 255)
Led(34, 7): (235, 227, 212, 255)
Led(35, 7): (252, 254, 254, 255)
Led(36, 7): (254, 254, 254, 255)
Led(37, 7): (254, 254, 254, 255)
Led(38, 7): (254, 254, 254, 255)
Led(39, 7): (254, 254, 254, 255)
Led(40, 7): (254, 254, 254, 255)
Led(41, 7): (254, 254, 254, 255)
Led(42, 7): (254, 254, 254, 255)
Led(43, 7): (254, 254, 254, 255)
Led(44, 7): (254, 254, 254, 255)
Led(45, 7): (254, 254, 254, 255)
Led(46, 7): (254, 254, 254, 255)
Led(47, 7): (254, 254, 254, 255)
Led(48, 7): (254, 254, 254, 255)
Led(49, 7): (254, 254, 254, 255)
Led(0, 8): (254, 254, 254, 255)
Led(1, 8): (254, 254, 254, 255)
Led(2, 8): (254, 254, 254, 255)
Led(3, 8): (254, 254, 254, 255)
Led(4, 8): (254, 254, 254, 255)
Led(5, 8): (254, 254, 254, 255)
Led(6, 8): (254, 254, 254, 255)
Led(7, 8): (254, 254, 254, 255)
Led(8, 8): (254, 254, 254, 255)
Led(9, 8): (254, 254, 254, 255)
Led(10, 8): (254, 254, 254, 255)
Led(11, 8): (254, 254, 254, 255)
Led(12, 8): (254, 254, 254, 255)
Led(13, 8): (254, 254, 254, 255)
Led(14, 8): (254, 254, 254, 255)
Led(15, 8): (254, 254, 254, 255)
Led(16, 8): (254, 254, 254, 255)
Led(17, 8): (237, 230, 223, 255)
Led(18, 8): (192, 157, 125, 255)
Led(19, 8): (213, 176, 144, 255)
Led(20, 8): (218, 178, 147, 255)
Led(21, 8): (221, 178, 150, 255)
Led(22, 8): (218, 173, 148, 255)
Led(23, 8): (223, 178, 152, 255)
Led(24, 8): (224, 179, 153, 255)
Led(25, 8): (218, 172, 144, 255)
Led(26, 8): (206, 157, 130, 255)
Led(27, 8): (207, 155, 129, 255)
Led(28, 8): (205, 155, 128, 255)
Led(29, 8): (192, 145, 117, 255)
Led(30, 8): (182, 138, 109, 255)
Led(31, 8): (175, 133, 103, 255)
Led(32, 8): (155, 124, 87, 255)
Led(33, 8): (140, 110, 76, 255)
Led(34, 8): (222, 212, 196, 255)
Led(35, 8): (252, 255, 254, 255)
Led(36, 8): (254, 254, 254, 255)
Led(37, 8): (254, 254, 254, 255)
Led(38, 8): (254, 254, 254, 255)
Led(39, 8): (254, 254, 254, 255)
Led(40, 8): (254, 254, 254, 255)
Led(41, 8): (254, 254, 254, 255)
Led(42, 8): (254, 254, 254, 255)
Led(43, 8): (254, 254, 254, 255)
Led(44, 8): (254, 254, 254, 255)
Led(45, 8): (254, 254, 254, 255)
Led(46, 8): (254, 254, 254, 255)
Led(47, 8): (254, 254, 254, 255)
Led(48, 8): (254, 254, 254, 255)
Led(49, 8): (254, 254, 254, 255)
Led(0, 9): (254, 254, 254, 255)
Led(1, 9): (254, 254, 254, 255)
Led(2, 9): (254, 254, 254, 255)
Led(3, 9): (254, 254, 254, 255)
Led(4, 9): (254, 254, 254, 255)
Led(5, 9): (254, 254, 254, 255)
Led(6, 9): (254, 254, 254, 255)
Led(7, 9): (254, 254, 254, 255)
Led(8, 9): (254, 254, 254, 255)
Led(9, 9): (254, 254, 254, 255)
Led(10, 9): (254, 254, 254, 255)
Led(11, 9): (254, 254, 254, 255)
Led(12, 9): (254, 254, 254, 255)
Led(13, 9): (254, 254, 254, 255)
Led(14, 9): (254, 254, 254, 255)
Led(15, 9): (254, 254, 254, 255)
Led(16, 9): (254, 254, 254, 255)
Led(17, 9): (238, 232, 224, 255)
Led(18, 9): (194, 159, 127, 255)
Led(19, 9): (214, 176, 145, 255)
Led(20, 9): (220, 179, 149, 255)
Led(21, 9): (225, 184, 158, 255)
Led(22, 9): (226, 184, 159, 255)
Led(23, 9): (227, 186, 161, 255)
Led(24, 9): (227, 185, 160, 255)
Led(25, 9): (225, 182, 156, 255)
Led(26, 9): (217, 171, 146, 255)
Led(27, 9): (217, 168, 144, 255)
Led(28, 9): (212, 162, 136, 255)
Led(29, 9): (199, 152, 124, 255)
Led(30, 9): (187, 142, 113, 255)
Led(31, 9): (178, 136, 106, 255)
Led(32, 9): (165, 131, 93, 255)
Led(33, 9): (149, 116, 80, 255)
Led(34, 9): (211, 200, 183, 255)
Led(35, 9): (253, 254, 252, 255)
Led(36, 9): (254, 254, 254, 255)
Led(37, 9): (254, 254, 254, 255)
Led(38, 9): (254, 254, 254, 255)
Led(39, 9): (254, 254, 254, 255)
Led(40, 9): (254, 254, 254, 255)
Led(41, 9): (254, 254, 254, 255)
Led(42, 9): (254, 254, 254, 255)
Led(43, 9): (254, 254, 254, 255)
Led(44, 9): (254, 254, 254, 255)
Led(45, 9): (254, 254, 254, 255)
Led(46, 9): (254, 254, 254, 255)
Led(47, 9): (254, 254, 254, 255)
Led(48, 9): (254, 254, 254, 255)
Led(49, 9): (254, 254, 254, 255)
Led(0, 10): (254, 254, 254, 255)
Led(1, 10): (254, 254, 254, 255)
Led(2, 10): (254, 254, 254, 255)
Led(3, 10): (254, 254, 254, 255)
Led(4, 10): (254, 254, 254, 255)
Led(5, 10): (254, 254, 254, 255)
Led(6, 10): (254, 254, 254, 255)
Led(7, 10): (254, 254, 254, 255)
Led(8, 10): (254, 254, 254, 255)
Led(9, 10): (254, 254, 254, 255)
Led(10, 10): (254, 254, 254, 255)
Led(11, 10): (254, 254, 254, 255)
Led(12, 10): (254, 254, 254, 255)
Led(13, 10): (254, 254, 254, 255)
Led(14, 10): (253, 254, 254, 255)
Led(15, 10): (254, 253, 254, 255)
Led(16, 10): (254, 255, 254, 255)
Led(17, 10): (244, 238, 231, 255)
Led(18, 10): (191, 159, 128, 255)
Led(19, 10): (215, 176, 146, 255)
Led(20, 10): (222, 182, 153, 255)
Led(21, 10): (225, 186, 161, 255)
Led(22, 10): (227, 185, 161, 255)
Led(23, 10): (229, 186, 163, 255)
Led(24, 10): (227, 186, 164, 255)
Led(25, 10): (225, 183, 160, 255)
Led(26, 10): (218, 174, 150, 255)
Led(27, 10): (216, 168, 145, 255)
Led(28, 10): (211, 164, 138, 255)
Led(29, 10): (201, 156, 129, 255)
Led(30, 10): (190, 145, 116, 255)
Led(31, 10): (179, 138, 106, 255)
Led(32, 10): (167, 130, 90, 255)
Led(33, 10): (155, 120, 82, 255)
Led(34, 10): (198, 186, 166, 255)
Led(35, 10): (252, 253, 252, 255)
Led(36, 10): (253, 254, 254, 255)
Led(37, 10): (253, 254, 254, 255)
Led(38, 10): (254, 254, 253, 255)
Led(39, 10): (254, 254, 254, 255)
Led(40, 10): (254, 254, 254, 255)
Led(41, 10): (254, 254, 254, 255)
Led(42, 10): (254, 254, 254, 255)
Led(43, 10): (254, 254, 254, 255)
Led(44, 10): (254, 254, 254, 255)
Led(45, 10): (254, 254, 254, 255)
Led(46, 10): (254, 254, 254, 255)
Led(47, 10): (254, 254, 254, 255)
Led(48, 10): (254, 254, 254, 255)
Led(49, 10): (254, 254, 254, 255)
Led(0, 11): (254, 254, 254, 255)
Led(1, 11): (254, 254, 254, 255)
Led(2, 11): (254, 254, 254, 255)
Led(3, 11): (254, 254, 254, 255)
Led(4, 11): (254, 254, 254, 255)
Led(5, 11): (254, 254, 254, 255)
Led(6, 11): (254, 254, 254, 255)
Led(7, 11): (254, 254, 254, 255)
Led(8, 11): (254, 254, 254, 255)
Led(9, 11): (254, 254, 254, 255)
Led(10, 11): (254, 254, 254, 255)
Led(11, 11): (254, 254, 254, 255)
Led(12, 11): (254, 254, 254, 255)
Led(13, 11): (254, 254, 254, 255)
Led(14, 11): (251, 255, 255, 255)
Led(15, 11): (255, 252, 254, 255)
Led(16, 11): (251, 255, 252, 255)
Led(17, 11): (249, 244, 237, 255)
Led(18, 11): (189, 165, 136, 255)
Led(19, 11): (215, 175, 149, 255)
Led(20, 11): (222, 179, 151, 255)
Led(21, 11): (209, 168, 142, 255)
Led(22, 11): (218, 170, 147, 255)
Led(23, 11): (223, 174, 151, 255)
Led(24, 11): (223, 181, 157, 255)
Led(25, 11): (218, 176, 154, 255)
Led(26, 11): (214, 169, 145, 255)
Led(27, 11): (210, 162, 136, 255)
Led(28, 11): (204, 159, 132, 255)
Led(29, 11): (190, 144, 117, 255)
Led(30, 11): (188, 144, 113, 255)
Led(31, 11): (175, 140, 104, 255)
Led(32, 11): (170, 134, 95, 255)
Led(33, 11): (159, 125, 85, 255)
Led(34, 11): (209, 192, 167, 255)
Led(35, 11): (250, 244, 236, 255)
Led(36, 11): (253, 252, 250, 255)
Led(37, 11): (252, 254, 255, 255)
Led(38, 11): (254, 254, 253, 255)
Led(39, 11): (254, 254, 254, 255)
Led(40, 11): (254, 254, 254, 255)
Led(41, 11): (254, 254, 254, 255)
Led(42, 11): (254, 254, 254, 255)
Led(43, 11): (254, 254, 254, 255)
Led(44, 11): (254, 254, 254, 255)
Led(45, 11): (254, 254, 254, 255)
Led(46, 11): (254, 254, 254, 255)
Led(47, 11): (254, 254, 254, 255)
Led(48, 11): (254, 254, 254, 255)
Led(49, 11): (254, 254, 254, 255)
Led(0, 12): (254, 254, 254, 255)
Led(1, 12): (254, 254, 254, 255)
Led(2, 12): (254, 254, 254, 255)
Led(3, 12): (254, 254, 254, 255)
Led(4, 12): (254, 254, 254, 255)
Led(5, 12): (254, 254, 254, 255)
Led(6, 12): (254, 254, 254, 255)
Led(7, 12): (254, 254, 254, 255)
Led(8, 12): (254, 254, 254, 255)
Led(9, 12): (254, 254, 254, 255)
Led(10, 12): (254, 254, 254, 255)
Led(11, 12): (254, 254, 254, 255)
Led(12, 12): (254, 254, 254, 255)
Led(13, 12): (254, 254, 254, 255)
Led(14, 12): (252, 255, 254, 255)
Led(15, 12): (255, 253, 255, 255)
Led(16, 12): (251, 254, 251, 255)
Led(17, 12): (243, 230, 219, 255)
Led(18, 12): (205, 175, 150, 255)
Led(19, 12): (218, 181, 154, 255)
Led(20, 12): (217, 172, 143, 255)
Led(21, 12): (221, 175, 147, 255)
Led(22, 12): (218, 174, 152, 255)
Led(23, 12): (211, 166, 145, 255)
Led(24, 12): (221, 176, 150, 255)
Led(25, 12): (222, 176, 150, 255)
Led(26, 12): (212, 168, 142, 255)
Led(27, 12): (204, 159, 133, 255)
Led(28, 12): (201, 156, 130, 255)
Led(29, 12): (204, 157, 131, 255)
Led(30, 12): (191, 147, 120, 255)
Led(31, 12): (172, 139, 109, 255)
Led(32, 12): (172, 141, 109, 255)
Led(33, 12): (163, 126, 88, 255)
Led(34, 12): (184, 140, 104, 255)
Led(35, 12): (184, 148, 125, 255)
Led(36, 12): (255, 251, 242, 255)
Led(37, 12): (253, 253, 252, 255)
Led(38, 12): (254, 254, 254, 255)
Led(39, 12): (254, 254, 254, 255)
Led(40, 12): (254, 254, 254, 255)
Led(41, 12): (254, 254, 254, 255)
Led(42, 12): (254, 254, 254, 255)
Led(43, 12): (254, 254, 254, 255)
Led(44, 12): (254, 254, 254, 255)
Led(45, 12): (254, 254, 254, 255)
Led(46, 12): (254, 254, 254, 255)
Led(47, 12): (254, 254, 254, 255)
Led(48, 12): (254, 254, 254, 255)
Led(49, 12): (254, 254, 254, 255)
Led(0, 13): (254, 254, 254, 255)
Led(1, 13): (254, 254, 254, 255)
Led(2, 13): (254, 254, 254, 255)
Led(3, 13): (254, 254, 254, 255)
Led(4, 13): (254, 254, 254, 255)
Led(5, 13): (254, 254, 254, 255)
Led(6, 13): (254, 254, 254, 255)
Led(7, 13): (254, 254, 254, 255)
Led(8, 13): (254, 254, 254, 255)
Led(9, 13): (254, 254, 254, 255)
Led(10, 13): (254, 254, 254, 255)
Led(11, 13): (254, 254, 254, 255)
Led(12, 13): (254, 254, 254, 255)
Led(13, 13): (254, 254, 254, 255)
Led(14, 13): (253, 255, 253, 255)
Led(15, 13): (254, 253, 255, 255)
Led(16, 13): (250, 253, 248, 255)
Led(17, 13): (224, 195, 178, 255)
Led(18, 13): (215, 168, 139, 255)
Led(19, 13): (220, 184, 156, 255)
Led(20, 13): (221, 184, 161, 255)
Led(21, 13): (209, 169, 147, 255)
Led(22, 13): (162, 127, 114, 255)
Led(23, 13): (177, 143, 133, 255)
Led(24, 13): (216, 177, 154, 255)
Led(25, 13): (220, 182, 157, 255)
Led(26, 13): (200, 164, 141, 255)
Led(27, 13): (180, 148, 128, 255)
Led(28, 13): (129, 101, 88, 255)
Led(29, 13): (135, 102, 92, 255)
Led(30, 13): (192, 154, 135, 255)
Led(31, 13): (185, 151, 122, 255)
Led(32, 13): (182, 145, 111, 255)
Led(33, 13): (173, 130, 92, 255)
Led(34, 13): (189, 127, 87, 255)
Led(35, 13): (199, 154, 129, 255)
Led(36, 13): (253, 253, 251, 255)
Led(37, 13): (252, 254, 254, 255)
Led(38, 13): (254, 254, 252, 255)
Led(39, 13): (254, 254, 254, 255)
Led(40, 13): (254, 254, 254, 255)
Led(41, 13): (254, 254, 254, 255)
Led(42, 13): (254, 254, 254, 255)
Led(43, 13): (254, 254, 254, 255)
Led(44, 13): (254, 254, 254, 255)
Led(45, 13): (254, 254, 254, 255)
Led(46, 13): (254, 254, 254, 255)
Led(47, 13): (254, 254, 254, 255)
Led(48, 13): (254, 254, 254, 255)
Led(49, 13): (254, 254, 254, 255)
Led(0, 14): (254, 254, 254, 255)
Led(1, 14): (254, 254, 254, 255)
Led(2, 14): (254, 254, 254, 255)
Led(3, 14): (254, 254, 254, 255)
Led(4, 14): (254, 254, 254, 255)
Led(5, 14): (254, 254, 254, 255)
Led(6, 14): (254, 254, 254, 255)
Led(7, 14): (254, 254, 254, 255)
Led(8, 14): (254, 254, 254, 255)
Led(9, 14): (254, 254, 254, 255)
Led(10, 14): (254, 254, 254, 255)
Led(11, 14): (254, 254, 254, 255)
Led(12, 14): (254, 254, 254, 255)
Led(13, 14): (254, 254, 254, 255)
Led(14, 14): (254, 254, 254, 255)
Led(15, 14): (254, 254, 254, 255)
Led(16, 14): (253, 254, 253, 255)
Led(17, 14): (246, 234, 225, 255)
Led(18, 14): (223, 180, 152, 255)
Led(19, 14): (226, 187, 159, 255)
Led(20, 14): (219, 188, 166, 255)
Led(21, 14): (194, 166, 148, 255)
Led(22, 14): (136, 118, 110, 255)
Led(23, 14): (92, 77, 71, 255)
Led(24, 14): (201, 173, 156, 255)
Led(25, 14): (218, 185, 164, 255)
Led(26, 14): (196, 161, 139, 255)
Led(27, 14): (182, 153, 134, 255)
Led(28, 14): (104, 86, 75, 255)
Led(29, 14): (126, 103, 93, 255)
Led(30, 14): (195, 160, 141, 255)
Led(31, 14): (194, 158, 130, 255)
Led(32, 14): (185, 149, 117, 255)
Led(33, 14): (179, 119, 83, 255)
Led(34, 14): (182, 116, 77, 255)
Led(35, 14): (243, 228, 218, 255)
Led(36, 14): (253, 254, 254, 255)
Led(37, 14): (253, 254, 254, 255)
Led(38, 14): (254, 254, 253, 255)
Led(39, 14): (254, 254, 254, 255)
Led(40, 14): (254, 254, 254, 255)
Led(41, 14): (254, 254, 254, 255)
Led(42, 14): (254, 254, 254, 255)
Led(43, 14): (254, 254, 254, 255)
Led(44, 14): (254, 254, 254, 255)
Led(45, 14): (254, 254, 254, 255)
Led(46, 14): (254, 254, 254, 255)
Led(47, 14): (254, 254, 254, 255)
Led(48, 14): (254, 254, 254, 255)
Led(49, 14): (254, 254, 254, 255)
Led(0, 15): (254, 254, 254, 255)
Led(1, 15): (254, 254, 254, 255)
Led(2, 15): (254, 254, 254, 255)
Led(3, 15): (254, 254, 254, 255)
Led(4, 15): (254, 254, 254, 255)
Led(5, 15): (254, 254, 254, 255)
Led(6, 15): (254, 254, 254, 255)
Led(7, 15): (254, 254, 254, 255)
Led(8, 15): (254, 254, 254, 255)
Led(9, 15): (254, 254, 254, 255)
Led(10, 15): (254, 254, 254, 255)
Led(11, 15): (254, 254, 254, 255)
Led(12, 15): (254, 254, 254, 255)
Led(13, 15): (254, 254, 254, 255)
Led(14, 15): (254, 254, 254, 255)
Led(15, 15): (254, 254, 254, 255)
Led(16, 15): (254, 254, 254, 255)
Led(17, 15): (254, 253, 250, 255)
Led(18, 15): (241, 226, 210, 255)
Led(19, 15): (218, 188, 162, 255)
Led(20, 15): (230, 195, 167, 255)
Led(21, 15): (231, 189, 168, 255)
Led(22, 15): (208, 172, 160, 255)
Led(23, 15): (205, 170, 160, 255)
Led(24, 15): (228, 185, 167, 255)
Led(25, 15): (225, 187, 165, 255)
Led(26, 15): (203, 162, 138, 255)
Led(27, 15): (202, 168, 147, 255)
Led(28, 15): (201, 169, 155, 255)
Led(29, 15): (202, 162, 150, 255)
Led(30, 15): (210, 167, 147, 255)
Led(31, 15): (197, 159, 131, 255)
Led(32, 15): (183, 148, 110, 255)
Led(33, 15): (158, 102, 64, 255)
Led(34, 15): (201, 164, 137, 255)
Led(35, 15): (253, 254, 251, 255)
Led(36, 15): (254, 254, 254, 255)
Led(37, 15): (254, 254, 254, 255)
Led(38, 15): (254, 254, 254, 255)
Led(39, 15): (254, 254, 254, 255)
Led(40, 15): (254, 254, 254, 255)
Led(41, 15): (254, 254, 254, 255)
Led(42, 15): (254, 254, 254, 255)
Led(43, 15): (254, 254, 254, 255)
Led(44, 15): (254, 254, 254, 255)
Led(45, 15): (254, 254, 254, 255)
Led(46, 15): (254, 254, 254, 255)
Led(47, 15): (254, 254, 254, 255)
Led(48, 15): (254, 254, 254, 255)
Led(49, 15): (254, 254, 254, 255)
Led(0, 16): (254, 254, 254, 255)
Led(1, 16): (254, 254, 254, 255)
Led(2, 16): (254, 254, 254, 255)
Led(3, 16): (254, 254, 254, 255)
Led(4, 16): (254, 254, 254, 255)
Led(5, 16): (254, 254, 254, 255)
Led(6, 16): (254, 254, 254, 255)
Led(7, 16): (254, 254, 254, 255)
Led(8, 16): (254, 254, 254, 255)
Led(9, 16): (254, 254, 254, 255)
Led(10, 16): (254, 254, 254, 255)
Led(11, 16): (254, 254, 254, 255)
Led(12, 16): (254, 254, 254, 255)
Led(13, 16): (254, 254, 254, 255)
Led(14, 16): (254, 254, 254, 255)
Led(15, 16): (254, 254, 254, 255)
Led(16, 16): (254, 254, 254, 255)
Led(17, 16): (251, 253, 253, 255)
Led(18, 16): (252, 253, 248, 255)
Led(19, 16): (226, 204, 185, 255)
Led(20, 16): (228, 188, 161, 255)
Led(21, 16): (232, 190, 165, 255)
Led(22, 16): (232, 195, 171, 255)
Led(23, 16): (231, 194, 171, 255)
Led(24, 16): (228, 188, 163, 255)
Led(25, 16): (231, 186, 160, 255)
Led(26, 16): (203, 155, 127, 255)
Led(27, 16): (205, 163, 139, 255)
Led(28, 16): (224, 180, 162, 255)
Led(29, 16): (224, 172, 154, 255)
Led(30, 16): (214, 163, 141, 255)
Led(31, 16): (194, 153, 125, 255)
Led(32, 16): (187, 149, 110, 255)
Led(33, 16): (159, 116, 77, 255)
Led(34, 16): (239, 230, 218, 255)
Led(35, 16): (252, 254, 254, 255)
Led(36, 16): (254, 254, 254, 255)
Led(37, 16): (254, 254, 254, 255)
Led(38, 16): (254, 254, 254, 255)
Led(39, 16): (254, 254, 254, 255)
Led(40, 16): (254, 254, 254, 255)
Led(41, 16): (254, 254, 254, 255)
Led(42, 16): (254, 254, 254, 255)
Led(43, 16): (254, 254, 254, 255)
Led(44, 16): (254, 254, 254, 255)
Led(45, 16): (254, 254, 254, 255)
Led(46, 16): (254, 254, 254, 255)
Led(47, 16): (254, 254, 254, 255)
Led(48, 16): (254, 254, 254, 255)
Led(49, 16): (254, 254, 254, 255)
Led(0, 17): (254, 254, 254, 255)
Led(1, 17): (254, 254, 254, 255)
Led(2, 17): (254, 254, 254, 255)
Led(3, 17): (254, 254, 254, 255)
Led(4, 17): (254, 254, 254, 255)
Led(5, 17): (254, 254, 254, 255)
Led(6, 17): (254, 254, 254, 255)
Led(7, 17): (254, 254, 254, 255)
Led(8, 17): (254, 254, 254, 255)
Led(9, 17): (254, 254, 254, 255)
Led(10, 17): (254, 254, 254, 255)
Led(11, 17): (254, 254, 254, 255)
Led(12, 17): (254, 254, 254, 255)
Led(13, 17): (254, 254, 254, 255)
Led(14, 17): (253, 254, 254, 255)
Led(15, 17): (254, 254, 254, 255)
Led(16, 17): (254, 254, 254, 255)
Led(17, 17): (253, 254, 254, 255)
Led(18, 17): (253, 251, 251, 255)
Led(19, 17): (243, 222, 210, 255)
Led(20, 17): (226, 182, 165, 255)
Led(21, 17): (234, 185, 166, 255)
Led(22, 17): (238, 188, 168, 255)
Led(23, 17): (237, 187, 166, 255)
Led(24, 17): (218, 171, 150, 255)
Led(25, 17): (216, 166, 139, 255)
Led(26, 17): (193, 140, 110, 255)
Led(27, 17): (199, 152, 126, 255)
Led(28, 17): (229, 187, 162, 255)
Led(29, 17): (221, 173, 148, 255)
Led(30, 17): (208, 156, 132, 255)
Led(31, 17): (190, 144, 118, 255)
Led(32, 17): (188, 152, 121, 255)
Led(33, 17): (197, 166, 137, 255)
Led(34, 17): (253, 252, 250, 255)
Led(35, 17): (255, 253, 252, 255)
Led(36, 17): (254, 254, 254, 255)
Led(37, 17): (254, 254, 254, 255)
Led(38, 17): (254, 254, 254, 255)
Led(39, 17): (254, 254, 254, 255)
Led(40, 17): (254, 254, 254, 255)
Led(41, 17): (254, 254, 254, 255)
Led(42, 17): (254, 254, 254, 255)
Led(43, 17): (254, 254, 254, 255)
Led(44, 17): (254, 254, 254, 255)
Led(45, 17): (254, 254, 254, 255)
Led(46, 17): (254, 254, 254, 255)
Led(47, 17): (254, 254, 254, 255)
Led(48, 17): (254, 254, 254, 255)
Led(49, 17): (254, 254, 254, 255)
Led(0, 18): (254, 254, 254, 255)
Led(1, 18): (254, 254, 254, 255)
Led(2, 18): (254, 254, 254, 255)
Led(3, 18): (254, 254, 254, 255)
Led(4, 18): (254, 254, 254, 255)
Led(5, 18): (254, 254, 254, 255)
Led(6, 18): (254, 254, 254, 255)
Led(7, 18): (254, 254, 254, 255)
Led(8, 18): (254, 254, 254, 255)
Led(9, 18): (254, 254, 254, 255)
Led(10, 18): (254, 254, 254, 255)
Led(11, 18): (254, 254, 254, 255)
Led(12, 18): (254, 254, 254, 255)
Led(13, 18): (254, 254, 254, 255)
Led(14, 18): (253, 254, 254, 255)
Led(15, 18): (254, 254, 254, 255)
Led(16, 18): (254, 254, 253, 255)
Led(17, 18): (254, 253, 254, 255)
Led(18, 18): (254, 251, 252, 255)
Led(19, 18): (253, 243, 231, 255)
Led(20, 18): (220, 179, 158, 255)
Led(21, 18): (231, 179, 156, 255)
Led(22, 18): (229, 179, 156, 255)
Led(23, 18): (223, 176, 152, 255)
Led(24, 18): (227, 182, 157, 255)
Led(25, 18): (224, 177, 151, 255)
Led(26, 18): (210, 164, 138, 255)
Led(27, 18): (209, 166, 139, 255)
Led(28, 18): (223, 178, 153, 255)
Led(29, 18): (220, 165, 143, 255)
Led(30, 18): (202, 145, 122, 255)
Led(31, 18): (188, 139, 110, 255)
Led(32, 18): (187, 159, 132, 255)
Led(33, 18): (232, 222, 208, 255)
Led(34, 18): (252, 250, 246, 255)
Led(35, 18): (254, 253, 251, 255)
Led(36, 18): (254, 254, 253, 255)
Led(37, 18): (254, 254, 253, 255)
Led(38, 18): (254, 254, 253, 255)
Led(39, 18): (254, 254, 254, 255)
Led(40, 18): (254, 254, 254, 255)
Led(41, 18): (254, 254, 254, 255)
Led(42, 18): (254, 254, 254, 255)
Led(43, 18): (254, 254, 254, 255)
Led(44, 18): (254, 254, 254, 255)
Led(45, 18): (254, 254, 254, 255)
Led(46, 18): (254, 254, 254, 255)
Led(47, 18): (254, 254, 254, 255)
Led(48, 18): (254, 254, 254, 255)
Led(49, 18): (254, 254, 254, 255)
Led(0, 19): (254, 254, 254, 255)
Led(1, 19): (254, 254, 254, 255)
Led(2, 19): (254, 254, 254, 255)
Led(3, 19): (254, 254, 254, 255)
Led(4, 19): (254, 254, 254, 255)
Led(5, 19): (254, 254, 254, 255)
Led(6, 19): (254, 254, 254, 255)
Led(7, 19): (254, 254, 254, 255)
Led(8, 19): (254, 254, 254, 255)
Led(9, 19): (254, 254, 254, 255)
Led(10, 19): (254, 254, 254, 255)
Led(11, 19): (254, 254, 254, 255)
Led(12, 19): (254, 254, 254, 255)
Led(13, 19): (254, 254, 254, 255)
Led(14, 19): (255, 253, 248, 255)
Led(15, 19): (254, 254, 252, 255)
Led(16, 19): (253, 253, 254, 255)
Led(17, 19): (252, 250, 247, 255)
Led(18, 19): (241, 226, 214, 255)
Led(19, 19): (228, 200, 180, 255)
Led(20, 19): (220, 177, 150, 255)
Led(21, 19): (221, 169, 143, 255)
Led(22, 19): (220, 168, 143, 255)
Led(23, 19): (205, 156, 130, 255)
Led(24, 19): (206, 158, 132, 255)
Led(25, 19): (213, 162, 137, 255)
Led(26, 19): (202, 154, 129, 255)
Led(27, 19): (182, 136, 110, 255)
Led(28, 19): (197, 150, 125, 255)
Led(29, 19): (209, 154, 130, 255)
Led(30, 19): (197, 140, 113, 255)
Led(31, 19): (189, 139, 107, 255)
Led(32, 19): (153, 109, 68, 255)
Led(33, 19): (158, 121, 88, 255)
Led(34, 19): (193, 163, 139, 255)
Led(35, 19): (233, 217, 202, 255)
Led(36, 19): (253, 249, 243, 255)
Led(37, 19): (254, 254, 253, 255)
Led(38, 19): (250, 255, 255, 255)
Led(39, 19): (254, 254, 254, 255)
Led(40, 19): (254, 254, 254, 255)
Led(41, 19): (254, 254, 254, 255)
Led(42, 19): (254, 254, 254, 255)
Led(43, 19): (254, 254, 254, 255)
Led(44, 19): (254, 254, 254, 255)
Led(45, 19): (254, 254, 254, 255)
Led(46, 19): (254, 254, 254, 255)
Led(47, 19): (254, 254, 254, 255)
Led(48, 19): (254, 254, 254, 255)
Led(49, 19): (254, 254, 254, 255)
Led(0, 20): (254, 254, 254, 255)
Led(1, 20): (254, 254, 254, 255)
Led(2, 20): (254, 254, 254, 255)
Led(3, 20): (254, 254, 254, 255)
Led(4, 20): (254, 254, 254, 255)
Led(5, 20): (254, 254, 254, 255)
Led(6, 20): (254, 254, 254, 255)
Led(7, 20): (254, 254, 254, 255)
Led(8, 20): (254, 254, 254, 255)
Led(9, 20): (254, 254, 254, 255)
Led(10, 20): (254, 254, 254, 255)
Led(11, 20): (254, 254, 254, 255)
Led(12, 20): (254, 254, 254, 255)
Led(13, 20): (254, 254, 254, 255)
Led(14, 20): (255, 253, 251, 255)
Led(15, 20): (251, 255, 255, 255)
Led(16, 20): (252, 251, 248, 255)
Led(17, 20): (232, 213, 198, 255)
Led(18, 20): (227, 194, 175, 255)
Led(19, 20): (227, 183, 163, 255)
Led(20, 20): (221, 175, 151, 255)
Led(21, 20): (216, 164, 138, 255)
Led(22, 20): (214, 159, 132, 255)
Led(23, 20): (199, 147, 120, 255)
Led(24, 20): (221, 171, 143, 255)
Led(25, 20): (209, 155, 131, 255)
Led(26, 20): (195, 143, 119, 255)
Led(27, 20): (197, 149, 124, 255)
Led(28, 20): (212, 164, 137, 255)
Led(29, 20): (205, 151, 124, 255)
Led(30, 20): (197, 141, 111, 255)
Led(31, 20): (165, 115, 82, 255)
Led(32, 20): (144, 98, 57, 255)
Led(33, 20): (159, 111, 70, 255)
Led(34, 20): (174, 133, 99, 255)
Led(35, 20): (190, 158, 133, 255)
Led(36, 20): (210, 187, 168, 255)
Led(37, 20): (244, 237, 229, 255)
Led(38, 20): (251, 252, 252, 255)
Led(39, 20): (254, 254, 254, 255)
Led(40, 20): (254, 254, 254, 255)
Led(41, 20): (254, 254, 254, 255)
Led(42, 20): (254, 254, 254, 255)
Led(43, 20): (254, 254, 254, 255)
Led(44, 20): (254, 254, 254, 255)
Led(45, 20): (254, 254, 254, 255)
Led(46, 20): (254, 254, 254, 255)
Led(47, 20): (254, 254, 254, 255)
Led(48, 20): (254, 254, 254, 255)
Led(49, 20): (254, 254, 254, 255)
Led(0, 21): (254, 254, 254, 255)
Led(1, 21): (254, 254, 254, 255)
Led(2, 21): (254, 254, 254, 255)
Led(3, 21): (254, 254, 254, 255)
Led(4, 21): (254, 254, 254, 255)
Led(5, 21): (254, 254, 254, 255)
Led(6, 21): (254, 254, 254, 255)
Led(7, 21): (254, 254, 254, 255)
Led(8, 21): (254, 254, 254, 255)
Led(9, 21): (254, 254, 254, 255)
Led(10, 21): (254, 254, 254, 255)
Led(11, 21): (254, 254, 254, 255)
Led(12, 21): (254, 254, 254, 255)
Led(13, 21): (254, 254, 254, 255)
Led(14, 21): (254, 254, 253, 255)
Led(15, 21): (250, 254, 255, 255)
Led(16, 21): (243, 227, 216, 255)
Led(17, 21): (230, 196, 175, 255)
Led(18, 21): (232, 193, 174, 255)
Led(19, 21): (229, 183, 164, 255)
Led(20, 21): (221, 175, 155, 255)
Led(21, 21): (219, 169, 142, 255)
Led(22, 21): (207, 154, 125, 255)
Led(23, 21): (212, 159, 131, 255)
Led(24, 21): (220, 166, 140, 255)
Led(25, 21): (221, 164, 142, 255)
Led(26, 21): (209, 156, 132, 255)
Led(27, 21): (206, 157, 132, 255)
Led(28, 21): (196, 150, 120, 255)
Led(29, 21): (189, 141, 107, 255)
Led(30, 21): (159, 110, 75, 255)
Led(31, 21): (142, 96, 58, 255)
Led(32, 21): (147, 104, 66, 255)
Led(33, 21): (171, 126, 91, 255)
Led(34, 21): (191, 149, 122, 255)
Led(35, 21): (204, 165, 141, 255)
Led(36, 21): (201, 167, 143, 255)
Led(37, 21): (196, 169, 145, 255)
Led(38, 21): (249, 242, 236, 255)
Led(39, 21): (254, 254, 254, 255)
Led(40, 21): (254, 254, 254, 255)
Led(41, 21): (254, 254, 254, 255)
Led(42, 21): (254, 254, 254, 255)
Led(43, 21): (254, 254, 254, 255)
Led(44, 21): (254, 254, 254, 255)
Led(45, 21): (254, 254, 254, 255)
Led(46, 21): (254, 254, 254, 255)
Led(47, 21): (254, 254, 254, 255)
Led(48, 21): (254, 254, 254, 255)
Led(49, 21): (254, 254, 254, 255)
Led(0, 22): (254, 254, 254, 255)
Led(1, 22): (254, 254, 254, 255)
Led(2, 22): (254, 254, 254, 255)
Led(3, 22): (254, 254, 254, 255)
Led(4, 22): (254, 254, 254, 255)
Led(5, 22): (254, 254, 254, 255)
Led(6, 22): (254, 254, 254, 255)
Led(7, 22): (254, 254, 254, 255)
Led(8, 22): (254, 254, 254, 255)
Led(9, 22): (254, 254, 254, 255)
Led(10, 22): (254, 254, 254, 255)
Led(11, 22): (254, 254, 254, 255)
Led(12, 22): (254, 254, 254, 255)
Led(13, 22): (254, 254, 254, 255)
Led(14, 22): (254, 254, 252, 255)
Led(15, 22): (253, 254, 253, 255)
Led(16, 22): (231, 203, 185, 255)
Led(17, 22): (235, 198, 176, 255)
Led(18, 22): (233, 194, 175, 255)
Led(19, 22): (230, 188, 168, 255)
Led(20, 22): (224, 181, 158, 255)
Led(21, 22): (228, 182, 157, 255)
Led(22, 22): (216, 169, 139, 255)
Led(23, 22): (192, 142, 110, 255)
Led(24, 22): (202, 151, 116, 255)
Led(25, 22): (203, 151, 122, 255)
Led(26, 22): (193, 144, 114, 255)
Led(27, 22): (190, 144, 113, 255)
Led(28, 22): (180, 136, 102, 255)
Led(29, 22): (163, 119, 82, 255)
Led(30, 22): (147, 103, 66, 255)
Led(31, 22): (154, 111, 74, 255)
Led(32, 22): (171, 126, 93, 255)
Led(33, 22): (191, 148, 119, 255)
Led(34, 22): (206, 165, 141, 255)
Led(35, 22): (218, 177, 156, 255)
Led(36, 22): (209, 175, 153, 255)
Led(37, 22): (194, 158, 127, 255)
Led(38, 22): (218, 203, 192, 255)
Led(39, 22): (254, 254, 254, 255)
Led(40, 22): (254, 254, 254, 255)
Led(41, 22): (254, 254, 254, 255)
Led(42, 22): (254, 254, 254, 255)
Led(43, 22): (254, 254, 254, 255)
Led(44, 22): (254, 254, 254, 255)
Led(45, 22): (254, 254, 254, 255)
Led(46, 22): (254, 254, 254, 255)
Led(47, 22): (254, 254, 254, 255)
Led(48, 22): (254, 254, 254, 255)
Led(49, 22): (254, 254, 254, 255)
Led(0, 23): (254, 254, 254, 255)
Led(1, 23): (254, 254, 254, 255)
Led(2, 23): (254, 254, 254, 255)
Led(3, 23): (254, 254, 254, 255)
Led(4, 23): (254, 254, 254, 255)
Led(5, 23): (254, 254, 254, 255)
Led(6, 23): (254, 254, 254, 255)
Led(7, 23): (254, 254, 254, 255)
Led(8, 23): (254, 254, 254, 255)
Led(9, 23): (254, 254, 254, 255)
Led(10, 23): (254, 254, 254, 255)
Led(11, 23): (254, 254, 254, 255)
Led(12, 23): (254, 254, 254, 255)
Led(13, 23): (254, 254, 254, 255)
Led(14, 23): (253, 253, 252, 255)
Led(15, 23): (251, 247, 243, 255)
Led(16, 23): (227, 193, 170, 255)
Led(17, 23): (234, 199, 178, 255)
Led(18, 23): (234, 195, 175, 255)
Led(19, 23): (229, 187, 166, 255)
Led(20, 23): (230, 186, 164, 255)
Led(21, 23): (227, 185, 163, 255)
Led(22, 23): (230, 187, 162, 255)
Led(23, 23): (213, 169, 136, 255)
Led(24, 23): (198, 153, 116, 255)
Led(25, 23): (204, 163, 128, 255)
Led(26, 23): (193, 151, 116, 255)
Led(27, 23): (186, 142, 108, 255)
Led(28, 23): (177, 135, 102, 255)
Led(29, 23): (168, 127, 95, 255)
Led(30, 23): (170, 129, 97, 255)
Led(31, 23): (184, 143, 111, 255)
Led(32, 23): (194, 151, 124, 255)
Led(33, 23): (206, 165, 140, 255)
Led(34, 23): (214, 177, 151, 255)
Led(35, 23): (221, 184, 158, 255)
Led(36, 23): (214, 179, 158, 255)
Led(37, 23): (202, 161, 134, 255)
Led(38, 23): (195, 174, 155, 255)
Led(39, 23): (254, 254, 253, 255)
Led(40, 23): (254, 254, 254, 255)
Led(41, 23): (254, 254, 254, 255)
Led(42, 23): (254, 254, 254, 255)
Led(43, 23): (254, 254, 254, 255)
Led(44, 23): (254, 254, 254, 255)
Led(45, 23): (254, 254, 254, 255)
Led(46, 23): (254, 254, 254, 255)
Led(47, 23): (254, 254, 254, 255)
Led(48, 23): (254, 254, 254, 255)
Led(49, 23): (254, 254, 254, 255)
Led(0, 24): (254, 254, 254, 255)
Led(1, 24): (254, 254, 254, 255)
Led(2, 24): (254, 254, 254, 255)
Led(3, 24): (254, 254, 254, 255)
Led(4, 24): (254, 254, 254, 255)
Led(5, 24): (254, 254, 254, 255)
Led(6, 24): (254, 254, 254, 255)
Led(7, 24): (254, 254, 254, 255)
Led(8, 24): (254, 254, 254, 255)
Led(9, 24): (254, 254, 254, 255)
Led(10, 24): (254, 254, 254, 255)
Led(11, 24): (254, 254, 254, 255)
Led(12, 24): (254, 254, 254, 255)
Led(13, 24): (254, 254, 254, 255)
Led(14, 24): (254, 254, 254, 255)
Led(15, 24): (244, 235, 228, 255)
Led(16, 24): (227, 189, 163, 255)
Led(17, 24): (230, 195, 175, 255)
Led(18, 24): (230, 191, 172, 255)
Led(19, 24): (216, 175, 154, 255)
Led(20, 24): (220, 176, 153, 255)
Led(21, 24): (232, 193, 171, 255)
Led(22, 24): (234, 196, 175, 255)
Led(23, 24): (227, 186, 167, 255)
Led(24, 24): (217, 175, 154, 255)
Led(25, 24): (211, 176, 146, 255)
Led(26, 24): (208, 170, 141, 255)
Led(27, 24): (203, 160, 132, 255)
Led(28, 24): (197, 155, 128, 255)
Led(29, 24): (198, 158, 131, 255)
Led(30, 24): (204, 165, 137, 255)
Led(31, 24): (210, 171, 144, 255)
Led(32, 24): (215, 173, 152, 255)
Led(33, 24): (217, 178, 155, 255)
Led(34, 24): (218, 182, 156, 255)
Led(35, 24): (219, 184, 156, 255)
Led(36, 24): (215, 181, 160, 255)
Led(37, 24): (200, 156, 131, 255)
Led(38, 24): (183, 156, 132, 255)
Led(39, 24): (254, 253, 251, 255)
Led(40, 24): (254, 254, 254, 255)
Led(41, 24): (254, 254, 254, 255)
Led(42, 24): (254, 254, 254, 255)
Led(43, 24): (254, 254, 254, 255)
Led(44, 24): (254, 254, 254, 255)
Led(45, 24): (254, 254, 254, 255)
Led(46, 24): (254, 254, 254, 255)
Led(47, 24): (254, 254, 254, 255)
Led(48, 24): (254, 254, 254, 255)
Led(49, 24): (254, 254, 254, 255)
Led(0, 25): (254, 254, 254, 255)
Led(1, 25): (254, 254, 254, 255)
Led(2, 25): (254, 254, 254, 255)
Led(3, 25): (254, 254, 254, 255)
Led(4, 25): (254, 254, 254, 255)
Led(5, 25): (254, 254, 254, 255)
Led(6, 25): (254, 254, 254, 255)
Led(7, 25): (254, 254, 254, 255)
Led(8, 25): (254, 254, 254, 255)
Led(9, 25): (254, 254, 254, 255)
Led(10, 25): (254, 254, 254, 255)
Led(11, 25): (254, 254, 254, 255)
Led(12, 25): (254, 254, 254, 255)
Led(13, 25): (254, 254, 254, 255)
Led(14, 25): (251, 254, 253, 255)
Led(15, 25): (238, 225, 211, 255)
Led(16, 25): (225, 188, 165, 255)
Led(17, 25): (231, 194, 174, 255)
Led(18, 25): (231, 193, 175, 255)
Led(19, 25): (225, 182, 165, 255)
Led(20, 25): (207, 161, 136, 255)
Led(21, 25): (228, 191, 164, 255)
Led(22, 25): (230, 198, 173, 255)
Led(23, 25): (227, 192, 170, 255)
Led(24, 25): (220, 184, 164, 255)
Led(25, 25): (223, 187, 164, 255)
Led(26, 25): (222, 186, 164, 255)
Led(27, 25): (217, 180, 158, 255)
Led(28, 25): (215, 178, 156, 255)
Led(29, 25): (216, 180, 157, 255)
Led(30, 25): (218, 181, 159, 255)
Led(31, 25): (217, 180, 158, 255)
Led(32, 25): (222, 181, 164, 255)
Led(33, 25): (218, 186, 157, 255)
Led(34, 25): (211, 176, 147, 255)
Led(35, 25): (220, 178, 155, 255)
Led(36, 25): (217, 179, 157, 255)
Led(37, 25): (194, 158, 133, 255)
Led(38, 25): (183, 151, 123, 255)
Led(39, 25): (252, 250, 247, 255)
Led(40, 25): (254, 254, 254, 255)
Led(41, 25): (254, 254, 254, 255)
Led(42, 25): (254, 254, 254, 255)
Led(43, 25): (254, 254, 254, 255)
Led(44, 25): (254, 254, 254, 255)
Led(45, 25): (254, 254, 254, 255)
Led(46, 25): (254, 254, 254, 255)
Led(47, 25): (254, 254, 254, 255)
Led(48, 25): (254, 254, 254, 255)
Led(49, 25): (254, 254, 254, 255)
Led(0, 26): (254, 254, 254, 255)
Led(1, 26): (254, 254, 254, 255)
Led(2, 26): (254, 254, 254, 255)
Led(3, 26): (254, 254, 254, 255)
Led(4, 26): (254, 254, 254, 255)
Led(5, 26): (254, 254, 254, 255)
Led(6, 26): (254, 254, 254, 255)
Led(7, 26): (254, 254, 254, 255)
Led(8, 26): (254, 254, 254, 255)
Led(9, 26): (254, 254, 254, 255)
Led(10, 26): (254, 254, 254, 255)
Led(11, 26): (254, 254, 254, 255)
Led(12, 26): (254, 254, 254, 255)
Led(13, 26): (254, 254, 254, 255)
Led(14, 26): (252, 254, 253, 255)
Led(15, 26): (234, 216, 202, 255)
Led(16, 26): (226, 188, 165, 255)
Led(17, 26): (231, 193, 174, 255)
Led(18, 26): (231, 194, 175, 255)
Led(19, 26): (226, 184, 167, 255)
Led(20, 26): (213, 168, 143, 255)
Led(21, 26): (212, 172, 145, 255)
Led(22, 26): (233, 197, 172, 255)
Led(23, 26): (228, 193, 171, 255)
Led(24, 26): (221, 186, 166, 255)
Led(25, 26): (223, 187, 165, 255)
Led(26, 26): (224, 188, 166, 255)
Led(27, 26): (223, 187, 165, 255)
Led(28, 26): (221, 185, 163, 255)
Led(29, 26): (222, 186, 164, 255)
Led(30, 26): (223, 187, 165, 255)
Led(31, 26): (221, 184, 163, 255)
Led(32, 26): (221, 179, 160, 255)
Led(33, 26): (218, 180, 152, 255)
Led(34, 26): (201, 162, 136, 255)
Led(35, 26): (226, 184, 164, 255)
Led(36, 26): (215, 177, 155, 255)
Led(37, 26): (196, 160, 135, 255)
Led(38, 26): (178, 146, 119, 255)
Led(39, 26): (251, 249, 246, 255)
Led(40, 26): (254, 254, 254, 255)
Led(41, 26): (254, 254, 254, 255)
Led(42, 26): (254, 254, 254, 255)
Led(43, 26): (254, 254, 254, 255)
Led(44, 26): (254, 254, 254, 255)
Led(45, 26): (254, 254, 254, 255)
Led(46, 26): (254, 254, 254, 255)
Led(47, 26): (254, 254, 254, 255)
Led(48, 26): (254, 254, 254, 255)
Led(49, 26): (254, 254, 254, 255)
Led(0, 27): (254, 254, 254, 255)
Led(1, 27): (254, 254, 254, 255)
Led(2, 27): (254, 254, 254, 255)
Led(3, 27): (254, 254, 254, 255)
Led(4, 27): (254, 254, 254, 255)
Led(5, 27): (254, 254, 254, 255)
Led(6, 27): (254, 254, 254, 255)
Led(7, 27): (254, 254, 254, 255)
Led(8, 27): (254, 254, 254, 255)
Led(9, 27): (254, 254, 254, 255)
Led(10, 27): (254, 254, 254, 255)
Led(11, 27): (254, 254, 254, 255)
Led(12, 27): (254, 254, 254, 255)
Led(13, 27): (254, 254, 254, 255)
Led(14, 27): (253, 254, 253, 255)
Led(15, 27): (232, 211, 199, 255)
Led(16, 27): (229, 187, 166, 255)
Led(17, 27): (230, 189, 171, 255)
Led(18, 27): (232, 195, 176, 255)
Led(19, 27): (225, 183, 166, 255)
Led(20, 27): (212, 167, 142, 255)
Led(21, 27): (199, 153, 128, 255)
Led(22, 27): (230, 188, 165, 255)
Led(23, 27): (227, 191, 169, 255)
Led(24, 27): (218, 186, 165, 255)
Led(25, 27): (218, 183, 161, 255)
Led(26, 27): (218, 182, 160, 255)
Led(27, 27): (220, 184, 162, 255)
Led(28, 27): (223, 187, 165, 255)
Led(29, 27): (224, 188, 166, 255)
Led(30, 27): (223, 187, 165, 255)
Led(31, 27): (217, 181, 159, 255)
Led(32, 27): (216, 175, 151, 255)
Led(33, 27): (208, 162, 135, 255)
Led(34, 27): (214, 170, 148, 255)
Led(35, 27): (222, 182, 164, 255)
Led(36, 27): (213, 175, 153, 255)
Led(37, 27): (193, 157, 132, 255)
Led(38, 27): (178, 146, 119, 255)
Led(39, 27): (249, 246, 243, 255)
Led(40, 27): (254, 254, 254, 255)
Led(41, 27): (254, 254, 254, 255)
Led(42, 27): (254, 254, 254, 255)
Led(43, 27): (254, 254, 254, 255)
Led(44, 27): (254, 254, 254, 255)
Led(45, 27): (254, 254, 254, 255)
Led(46, 27): (254, 254, 254, 255)
Led(47, 27): (254, 254, 254, 255)
Led(48, 27): (254, 254, 254, 255)
Led(49, 27): (254, 254, 254, 255)
Led(0, 28): (254, 254, 254, 255)
Led(1, 28): (254, 254, 254, 255)
Led(2, 28): (254, 254, 254, 255)
Led(3, 28): (254, 254, 254, 255)
Led(4, 28): (254, 254, 254, 255)
Led(5, 28): (254, 254, 254, 255)
Led(6, 28): (254, 254, 254, 255)
Led(7, 28): (254, 254, 254, 255)
Led(8, 28): (254, 254, 254, 255)
Led(9, 28): (254, 254, 254, 255)
Led(10, 28): (254, 254, 254, 255)
Led(11, 28): (254, 254, 254, 255)
Led(12, 28): (254, 254, 254, 255)
Led(13, 28): (254, 254, 254, 255)
Led(14, 28): (254, 253, 253, 255)
Led(15, 28): (228, 205, 192, 255)
Led(16, 28): (229, 187, 166, 255)
Led(17, 28): (231, 188, 171, 255)
Led(18, 28): (230, 191, 174, 255)
Led(19, 28): (225, 182, 166, 255)
Led(20, 28): (210, 165, 142, 255)
Led(21, 28): (185, 135, 111, 255)
Led(22, 28): (225, 182, 160, 255)
Led(23, 28): (223, 188, 167, 255)
Led(24, 28): (216, 184, 160, 255)
Led(25, 28): (212, 173, 151, 255)
Led(26, 28): (209, 172, 150, 255)
Led(27, 28): (212, 177, 154, 255)
Led(28, 28): (221, 186, 162, 255)
Led(29, 28): (223, 187, 163, 255)
Led(30, 28): (221, 184, 160, 255)
Led(31, 28): (214, 177, 153, 255)
Led(32, 28): (211, 168, 142, 255)
Led(33, 28): (189, 139, 112, 255)
Led(34, 28): (224, 177, 157, 255)
Led(35, 28): (221, 181, 165, 255)
Led(36, 28): (213, 174, 153, 255)
Led(37, 28): (197, 158, 134, 255)
Led(38, 28): (178, 144, 118, 255)
Led(39, 28): (242, 238, 235, 255)
Led(40, 28): (254, 254, 254, 255)
Led(41, 28): (254, 254, 254, 255)
Led(42, 28): (254, 254, 254, 255)
Led(43, 28): (254, 254, 254, 255)
Led(44, 28): (254, 254, 254, 255)
Led(45, 28): (254, 254, 254, 255)
Led(46, 28): (254, 254, 254, 255)
Led(47, 28): (254, 254, 254, 255)
Led(48, 28): (254, 254, 254, 255)
Led(49, 28): (254, 254, 254, 255)
Led(0, 29): (254, 254, 254, 255)
Led(1, 29): (254, 254, 254, 255)
Led(2, 29): (254, 254, 254, 255)
Led(3, 29): (254, 254, 254, 255)
Led(4, 29): (254, 254, 254, 255)
Led(5, 29): (254, 254, 254, 255)
Led(6, 29): (254, 254, 254, 255)
Led(7, 29): (254, 254, 254, 255)
Led(8, 29): (254, 254, 254, 255)
Led(9, 29): (254, 254, 254, 255)
Led(10, 29): (254, 254, 254, 255)
Led(11, 29): (254, 254, 254, 255)
Led(12, 29): (254, 254, 254, 255)
Led(13, 29): (254, 254, 254, 255)
Led(14, 29): (254, 254, 253, 255)
Led(15, 29): (222, 200, 187, 255)
Led(16, 29): (229, 187, 166, 255)
Led(17, 29): (231, 188, 171, 255)
Led(18, 29): (229, 186, 170, 255)
Led(19, 29): (224, 180, 162, 255)
Led(20, 29): (211, 163, 144, 255)
Led(21, 29): (174, 124, 99, 255)
Led(22, 29): (212, 169, 146, 255)
Led(23, 29): (218, 181, 160, 255)
Led(24, 29): (216, 178, 152, 255)
Led(25, 29): (209, 167, 143, 255)
Led(26, 29): (201, 162, 137, 255)
Led(27, 29): (207, 171, 145, 255)
Led(28, 29): (217, 180, 156, 255)
Led(29, 29): (220, 180, 159, 255)
Led(30, 29): (219, 179, 158, 255)
Led(31, 29): (211, 172, 150, 255)
Led(32, 29): (202, 156, 129, 255)
Led(33, 29): (177, 126, 98, 255)
Led(34, 29): (223, 177, 155, 255)
Led(35, 29): (221, 183, 166, 255)
Led(36, 29): (215, 175, 156, 255)
Led(37, 29): (202, 159, 138, 255)
Led(38, 29): (181, 146, 121, 255)
Led(39, 29): (239, 235, 232, 255)
Led(40, 29): (254, 254, 254, 255)
Led(41, 29): (254, 254, 254, 255)
Led(42, 29): (254, 254, 254, 255)
Led(43, 29): (254, 254, 254, 255)
Led(44, 29): (254, 254, 254, 255)
Led(45, 29): (254, 254, 254, 255)
Led(46, 29): (254, 254, 254, 255)
Led(47, 29): (254, 254, 254, 255)
Led(48, 29): (254, 254, 254, 255)
Led(49, 29): (254, 254, 254, 255)
Led(0, 30): (254, 254, 254, 255)
Led(1, 30): (254, 254, 254, 255)
Led(2, 30): (254, 254, 254, 255)
Led(3, 30): (254, 254, 254, 255)
Led(4, 30): (254, 254, 254, 255)
Led(5, 30): (254, 254, 254, 255)
Led(6, 30): (254, 254, 254, 255)
Led(7, 30): (254, 254, 254, 255)
Led(8, 30): (254, 254, 254, 255)
Led(9, 30): (254, 254, 254, 255)
Led(10, 30): (254, 254, 254, 255)
Led(11, 30): (254, 254, 254, 255)
Led(12, 30): (254, 254, 254, 255)
Led(13, 30): (254, 254, 254, 255)
Led(14, 30): (252, 253, 253, 255)
Led(15, 30): (223, 200, 188, 255)
Led(16, 30): (228, 186, 165, 255)
Led(17, 30): (230, 187, 170, 255)
Led(18, 30): (227, 182, 165, 255)
Led(19, 30): (220, 173, 154, 255)
Led(20, 30): (204, 155, 133, 255)
Led(21, 30): (167, 115, 87, 255)
Led(22, 30): (193, 147, 122, 255)
Led(23, 30): (209, 166, 145, 255)
Led(24, 30): (210, 163, 139, 255)
Led(25, 30): (203, 158, 133, 255)
Led(26, 30): (197, 155, 129, 255)
Led(27, 30): (204, 166, 139, 255)
Led(28, 30): (212, 173, 149, 255)
Led(29, 30): (217, 175, 155, 255)
Led(30, 30): (215, 173, 153, 255)
Led(31, 30): (212, 170, 150, 255)
Led(32, 30): (202, 156, 128, 255)
Led(33, 30): (177, 127, 98, 255)
Led(34, 30): (223, 177, 155, 255)
Led(35, 30): (221, 182, 165, 255)
Led(36, 30): (216, 176, 157, 255)
Led(37, 30): (205, 161, 140, 255)
Led(38, 30): (181, 146, 121, 255)
Led(39, 30): (246, 243, 239, 255)
Led(40, 30): (253, 253, 253, 255)
Led(41, 30): (254, 254, 254, 255)
Led(42, 30): (254, 254, 254, 255)
Led(43, 30): (254, 254, 254, 255)
Led(44, 30): (254, 254, 254, 255)
Led(45, 30): (254, 254, 254, 255)
Led(46, 30): (254, 254, 254, 255)
Led(47, 30): (254, 254, 254, 255)
Led(48, 30): (254, 254, 254, 255)
Led(49, 30): (254, 254, 254, 255)
Led(0, 31): (254, 254, 254, 255)
Led(1, 31): (254, 254, 254, 255)
Led(2, 31): (254, 254, 254, 255)
Led(3, 31): (254, 254, 254, 255)
Led(4, 31): (254, 254, 254, 255)
Led(5, 31): (254, 254, 254, 255)
Led(6, 31): (254, 254, 254, 255)
Led(7, 31): (254, 254, 254, 255)
Led(8, 31): (254, 254, 254, 255)
Led(9, 31): (254, 254, 254, 255)
Led(10, 31): (254, 254, 254, 255)
Led(11, 31): (254, 254, 254, 255)
Led(12, 31): (254, 254, 254, 255)
Led(13, 31): (254, 254, 254, 255)
Led(14, 31): (252, 252, 252, 255)
Led(15, 31): (231, 212, 199, 255)
Led(16, 31): (226, 184, 163, 255)
Led(17, 31): (228, 184, 167, 255)
Led(18, 31): (221, 174, 155, 255)
Led(19, 31): (207, 158, 137, 255)
Led(20, 31): (197, 146, 123, 255)
Led(21, 31): (173, 121, 92, 255)
Led(22, 31): (157, 108, 82, 255)
Led(23, 31): (172, 122, 100, 255)
Led(24, 31): (178, 123, 99, 255)
Led(25, 31): (179, 133, 106, 255)
Led(26, 31): (187, 143, 115, 255)
Led(27, 31): (203, 162, 133, 255)
Led(28, 31): (197, 156, 127, 255)
Led(29, 31): (195, 152, 125, 255)
Led(30, 31): (198, 155, 127, 255)
Led(31, 31): (197, 154, 126, 255)
Led(32, 31): (190, 144, 116, 255)
Led(33, 31): (181, 131, 102, 255)
Led(34, 31): (221, 175, 153, 255)
Led(35, 31): (219, 180, 163, 255)
Led(36, 31): (214, 175, 155, 255)
Led(37, 31): (205, 162, 141, 255)
Led(38, 31): (183, 149, 124, 255)
Led(39, 31): (253, 252, 249, 255)
Led(40, 31): (254, 254, 254, 255)
Led(41, 31): (254, 254, 254, 255)
Led(42, 31): (254, 254, 254, 255)
Led(43, 31): (254, 254, 254, 255)
Led(44, 31): (254, 254, 254, 255)
Led(45, 31): (254, 254, 254, 255)
Led(46, 31): (254, 254, 254, 255)
Led(47, 31): (254, 254, 254, 255)
Led(48, 31): (254, 254, 254, 255)
Led(49, 31): (254, 254, 254, 255)
Led(0, 32): (254, 254, 254, 255)
Led(1, 32): (254, 254, 254, 255)
Led(2, 32): (254, 254, 254, 255)
Led(3, 32): (254, 254, 254, 255)
Led(4, 32): (254, 254, 254, 255)
Led(5, 32): (254, 254, 254, 255)
Led(6, 32): (254, 254, 254, 255)
Led(7, 32): (254, 254, 254, 255)
Led(8, 32): (254, 254, 254, 255)
Led(9, 32): (254, 254, 254, 255)
Led(10, 32): (254, 254, 254, 255)
Led(11, 32): (254, 253, 255, 255)
Led(12, 32): (254, 254, 254, 255)
Led(13, 32): (252, 255, 251, 255)
Led(14, 32): (247, 254, 253, 255)
Led(15, 32): (241, 231, 219, 255)
Led(16, 32): (218, 180, 158, 255)
Led(17, 32): (228, 182, 160, 255)
Led(18, 32): (228, 182, 166, 255)
Led(19, 32): (226, 180, 163, 255)
Led(20, 32): (215, 169, 152, 255)
Led(21, 32): (209, 157, 136, 255)
Led(22, 32): (182, 130, 106, 255)
Led(23, 32): (140, 90, 63, 255)
Led(24, 32): (170, 120, 91, 255)
Led(25, 32): (185, 137, 111, 255)
Led(26, 32): (189, 143, 116, 255)
Led(27, 32): (187, 144, 116, 255)
Led(28, 32): (194, 150, 124, 255)
Led(29, 32): (191, 145, 120, 255)
Led(30, 32): (174, 126, 98, 255)
Led(31, 32): (153, 103, 74, 255)
Led(32, 32): (119, 68, 43, 255)
Led(33, 32): (195, 145, 121, 255)
Led(34, 32): (217, 171, 148, 255)
Led(35, 32): (219, 175, 154, 255)
Led(36, 32): (216, 175, 153, 255)
Led(37, 32): (202, 163, 142, 255)
Led(38, 32): (185, 153, 132, 255)
Led(39, 32): (252, 252, 249, 255)
Led(40, 32): (251, 252, 255, 255)
Led(41, 32): (254, 253, 254, 255)
Led(42, 32): (255, 254, 250, 255)
Led(43, 32): (254, 254, 254, 255)
Led(44, 32): (254, 254, 254, 255)
Led(45, 32): (254, 254, 254, 255)
Led(46, 32): (254, 254, 254, 255)
Led(47, 32): (254, 254, 254, 255)
Led(48, 32): (254, 254, 254, 255)
Led(49, 32): (254, 254, 254, 255)
Led(0, 33): (254, 254, 254, 255)
Led(1, 33): (254, 254, 254, 255)
Led(2, 33): (254, 254, 254, 255)
Led(3, 33): (254, 254, 254, 255)
Led(4, 33): (254, 254, 254, 255)
Led(5, 33): (254, 254, 254, 255)
Led(6, 33): (254, 254, 254, 255)
Led(7, 33): (254, 254, 254, 255)
Led(8, 33): (254, 254, 254, 255)
Led(9, 33): (254, 254, 254, 255)
Led(10, 33): (255, 252, 254, 255)
Led(11, 33): (253, 253, 255, 255)
Led(12, 33): (246, 255, 254, 255)
Led(13, 33): (253, 253, 254, 255)
Led(14, 33): (244, 232, 220, 255)
Led(15, 33): (217, 188, 166, 255)
Led(16, 33): (207, 168, 144, 255)
Led(17, 33): (221, 180, 160, 255)
Led(18, 33): (226, 183, 166, 255)
Led(19, 33): (226, 183, 166, 255)
Led(20, 33): (218, 175, 158, 255)
Led(21, 33): (213, 167, 146, 255)
Led(22, 33): (204, 155, 133, 255)
Led(23, 33): (177, 127, 102, 255)
Led(24, 33): (165, 115, 88, 255)
Led(25, 33): (188, 143, 117, 255)
Led(26, 33): (196, 155, 127, 255)
Led(27, 33): (200, 162, 133, 255)
Led(28, 33): (200, 158, 132, 255)
Led(29, 33): (195, 149, 124, 255)
Led(30, 33): (179, 129, 103, 255)
Led(31, 33): (154, 104, 75, 255)
Led(32, 33): (119, 67, 42, 255)
Led(33, 33): (185, 136, 112, 255)
Led(34, 33): (200, 153, 130, 255)
Led(35, 33): (213, 168, 148, 255)
Led(36, 33): (216, 174, 152, 255)
Led(37, 33): (203, 163, 139, 255)
Led(38, 33): (181, 143, 118, 255)
Led(39, 33): (206, 183, 161, 255)
Led(40, 33): (242, 230, 220, 255)
Led(41, 33): (253, 253, 251, 255)
Led(42, 33): (250, 255, 254, 255)
Led(43, 33): (254, 254, 254, 255)
Led(44, 33): (254, 254, 254, 255)
Led(45, 33): (254, 254, 254, 255)
Led(46, 33): (254, 254, 254, 255)
Led(47, 33): (254, 254, 254, 255)
Led(48, 33): (254, 254, 254, 255)
Led(49, 33): (254, 254, 254, 255)
Led(0, 34): (254, 254, 254, 255)
Led(1, 34): (254, 254, 254, 255)
Led(2, 34): (254, 254, 254, 255)
Led(3, 34): (254, 254, 254, 255)
Led(4, 34): (254, 254, 254, 255)
Led(5, 34): (254, 254, 254, 255)
Led(6, 34): (254, 254, 254, 255)
Led(7, 34): (254, 254, 254, 255)
Led(8, 34): (254, 254, 254, 255)
Led(9, 34): (254, 254, 254, 255)
Led(10, 34): (254, 253, 253, 255)
Led(11, 34): (254, 251, 248, 255)
Led(12, 34): (245, 234, 224, 255)
Led(13, 34): (222, 195, 181, 255)
Led(14, 34): (201, 157, 131, 255)
Led(15, 34): (193, 142, 110, 255)
Led(16, 34): (190, 141, 110, 255)
Led(17, 34): (215, 173, 149, 255)
Led(18, 34): (223, 183, 164, 255)
Led(19, 34): (223, 182, 164, 255)
Led(20, 34): (222, 181, 163, 255)
Led(21, 34): (218, 176, 156, 255)
Led(22, 34): (211, 167, 145, 255)
Led(23, 34): (204, 155, 132, 255)
Led(24, 34): (193, 140, 117, 255)
Led(25, 34): (184, 135, 110, 255)
Led(26, 34): (189, 143, 117, 255)
Led(27, 34): (195, 152, 124, 255)
Led(28, 34): (191, 147, 121, 255)
Led(29, 34): (182, 136, 112, 255)
Led(30, 34): (170, 120, 94, 255)
Led(31, 34): (151, 100, 71, 255)
Led(32, 34): (147, 95, 70, 255)
Led(33, 34): (197, 148, 124, 255)
Led(34, 34): (215, 168, 145, 255)
Led(35, 34): (221, 177, 157, 255)
Led(36, 34): (214, 173, 152, 255)
Led(37, 34): (196, 153, 128, 255)
Led(38, 34): (158, 114, 84, 255)
Led(39, 34): (147, 105, 72, 255)
Led(40, 34): (167, 126, 100, 255)
Led(41, 34): (206, 183, 169, 255)
Led(42, 34): (251, 248, 244, 255)
Led(43, 34): (254, 254, 254, 255)
Led(44, 34): (254, 254, 254, 255)
Led(45, 34): (254, 254, 254, 255)
Led(46, 34): (254, 254, 254, 255)
Led(47, 34): (254, 254, 254, 255)
Led(48, 34): (254, 254, 254, 255)
Led(49, 34): (254, 254, 254, 255)
Led(0, 35): (254, 254, 254, 255)
Led(1, 35): (254, 254, 254, 255)
Led(2, 35): (254, 254, 254, 255)
Led(3, 35): (254, 254, 254, 255)
Led(4, 35): (254, 254, 254, 255)
Led(5, 35): (254, 254, 254, 255)
Led(6, 35): (254, 254, 254, 255)
Led(7, 35): (254, 254, 254, 255)
Led(8, 35): (254, 254, 254, 255)
Led(9, 35): (254, 254, 254, 255)
Led(10, 35): (253, 254, 252, 255)
Led(11, 35): (228, 208, 194, 255)
Led(12, 35): (201, 145, 121, 255)
Led(13, 35): (199, 143, 108, 255)
Led(14, 35): (196, 140, 108, 255)
Led(15, 35): (194, 133, 98, 255)
Led(16, 35): (182, 123, 86, 255)
Led(17, 35): (180, 128, 98, 255)
Led(18, 35): (208, 166, 144, 255)
Led(19, 35): (217, 176, 156, 255)
Led(20, 35): (219, 180, 162, 255)
Led(21, 35): (221, 183, 164, 255)
Led(22, 35): (218, 176, 156, 255)
Led(23, 35): (215, 169, 146, 255)
Led(24, 35): (212, 162, 138, 255)
Led(25, 35): (205, 151, 128, 255)
Led(26, 35): (184, 131, 107, 255)
Led(27, 35): (180, 129, 104, 255)
Led(28, 35): (180, 132, 107, 255)
Led(29, 35): (170, 122, 96, 255)
Led(30, 35): (159, 109, 82, 255)
Led(31, 35): (137, 88, 61, 255)
Led(32, 35): (143, 93, 67, 255)
Led(33, 35): (209, 160, 136, 255)
Led(34, 35): (218, 170, 148, 255)
Led(35, 35): (220, 175, 155, 255)
Led(36, 35): (209, 168, 146, 255)
Led(37, 35): (192, 149, 121, 255)
Led(38, 35): (141, 93, 61, 255)
Led(39, 35): (130, 83, 55, 255)
Led(40, 35): (157, 102, 73, 255)
Led(41, 35): (163, 112, 85, 255)
Led(42, 35): (196, 168, 152, 255)
Led(43, 35): (252, 253, 252, 255)
Led(44, 35): (253, 254, 254, 255)
Led(45, 35): (254, 254, 252, 255)
Led(46, 35): (254, 254, 254, 255)
Led(47, 35): (254, 254, 254, 255)
Led(48, 35): (254, 254, 254, 255)
Led(49, 35): (254, 254, 254, 255)
Led(0, 36): (254, 254, 254, 255)
Led(1, 36): (254, 254, 254, 255)
Led(2, 36): (254, 254, 254, 255)
Led(3, 36): (254, 254, 254, 255)
Led(4, 36): (254, 254, 254, 255)
Led(5, 36): (254, 254, 254, 255)
Led(6, 36): (254, 254, 254, 255)
Led(7, 36): (254, 254, 255, 255)
Led(8, 36): (254, 254, 255, 255)
Led(9, 36): (254, 254, 255, 255)
Led(10, 36): (254, 252, 250, 255)
Led(11, 36): (197, 157, 130, 255)
Led(12, 36): (205, 144, 105, 255)
Led(13, 36): (202, 145, 112, 255)
Led(14, 36): (200, 139, 110, 255)
Led(15, 36): (189, 129, 95, 255)
Led(16, 36): (180, 120, 84, 255)
Led(17, 36): (161, 100, 71, 255)
Led(18, 36): (163, 106, 80, 255)
Led(19, 36): (208, 157, 135, 255)
Led(20, 36): (214, 169, 150, 255)
Led(21, 36): (219, 174, 156, 255)
Led(22, 36): (220, 176, 156, 255)
Led(23, 36): (219, 178, 157, 255)
Led(24, 36): (216, 176, 153, 255)
Led(25, 36): (213, 165, 142, 255)
Led(26, 36): (198, 148, 123, 255)
Led(27, 36): (178, 126, 98, 255)
Led(28, 36): (167, 117, 88, 255)
Led(29, 36): (153, 102, 72, 255)
Led(30, 36): (135, 86, 61, 255)
Led(31, 36): (119, 79, 62, 255)
Led(32, 36): (165, 119, 93, 255)
Led(33, 36): (200, 152, 128, 255)
Led(34, 36): (215, 165, 144, 255)
Led(35, 36): (214, 165, 145, 255)
Led(36, 36): (201, 157, 134, 255)
Led(37, 36): (185, 144, 114, 255)
Led(38, 36): (118, 68, 37, 255)
Led(39, 36): (138, 86, 59, 255)
Led(40, 36): (159, 106, 80, 255)
Led(41, 36): (162, 108, 82, 255)
Led(42, 36): (150, 105, 82, 255)
Led(43, 36): (246, 239, 235, 255)
Led(44, 36): (251, 254, 253, 255)
Led(45, 36): (254, 254, 250, 255)
Led(46, 36): (253, 254, 254, 255)
Led(47, 36): (254, 254, 254, 255)
Led(48, 36): (254, 254, 254, 255)
Led(49, 36): (254, 254, 254, 255)
Led(0, 37): (254, 254, 254, 255)
Led(1, 37): (254, 254, 254, 255)
Led(2, 37): (254, 254, 254, 255)
Led(3, 37): (254, 254, 254, 255)
Led(4, 37): (254, 254, 254, 255)
Led(5, 37): (254, 254, 254, 255)
Led(6, 37): (254, 254, 254, 255)
Led(7, 37): (255, 253, 254, 255)
Led(8, 37): (255, 253, 254, 255)
Led(9, 37): (255, 253, 254, 255)
Led(10, 37): (255, 251, 247, 255)
Led(11, 37): (201, 163, 135, 255)
Led(12, 37): (207, 152, 116, 255)
Led(13, 37): (202, 146, 111, 255)
Led(14, 37): (193, 132, 99, 255)
Led(15, 37): (174, 114, 77, 255)
Led(16, 37): (170, 110, 76, 255)
Led(17, 37): (178, 115, 90, 255)
Led(18, 37): (147, 83, 60, 255)
Led(19, 37): (152, 99, 75, 255)
Led(20, 37): (190, 147, 123, 255)
Led(21, 37): (207, 160, 136, 255)
Led(22, 37): (217, 169, 147, 255)
Led(23, 37): (219, 177, 159, 255)
Led(24, 37): (222, 182, 165, 255)
Led(25, 37): (221, 173, 150, 255)
Led(26, 37): (209, 159, 133, 255)
Led(27, 37): (201, 148, 121, 255)
Led(28, 37): (194, 141, 110, 255)
Led(29, 37): (180, 128, 96, 255)
Led(30, 37): (165, 121, 98, 255)
Led(31, 37): (189, 156, 145, 255)
Led(32, 37): (185, 135, 111, 255)
Led(33, 37): (204, 155, 132, 255)
Led(34, 37): (207, 161, 138, 255)
Led(35, 37): (207, 161, 140, 255)
Led(36, 37): (194, 151, 128, 255)
Led(37, 37): (177, 136, 106, 255)
Led(38, 37): (113, 63, 32, 255)
Led(39, 37): (149, 93, 67, 255)
Led(40, 37): (165, 110, 85, 255)
Led(41, 37): (161, 110, 84, 255)
Led(42, 37): (149, 103, 78, 255)
Led(43, 37): (243, 229, 224, 255)
Led(44, 37): (253, 252, 254, 255)
Led(45, 37): (254, 253, 254, 255)
Led(46, 37): (253, 254, 254, 255)
Led(47, 37): (254, 254, 254, 255)
Led(48, 37): (254, 254, 254, 255)
Led(49, 37): (254, 254, 254, 255)
Led(0, 38): (254, 254, 254, 255)
Led(1, 38): (254, 254, 254, 255)
Led(2, 38): (254, 254, 254, 255)
Led(3, 38): (254, 254, 254, 255)
Led(4, 38): (254, 254, 254, 255)
Led(5, 38): (254, 254, 254, 255)
Led(6, 38): (254, 254, 254, 255)
Led(7, 38): (254, 251, 250, 255)
Led(8, 38): (253, 250, 249, 255)
Led(9, 38): (255, 252, 251, 255)
Led(10, 38): (250, 245, 240, 255)
Led(11, 38): (200, 164, 135, 255)
Led(12, 38): (203, 156, 121, 255)
Led(13, 38): (203, 147, 111, 255)
Led(14, 38): (198, 137, 99, 255)
Led(15, 38): (179, 119, 81, 255)
Led(16, 38): (152, 91, 60, 255)
Led(17, 38): (168, 106, 84, 255)
Led(18, 38): (158, 99, 72, 255)
Led(19, 38): (126, 80, 61, 255)
Led(20, 38): (201, 167, 156, 255)
Led(21, 38): (182, 145, 129, 255)
Led(22, 38): (194, 149, 130, 255)
Led(23, 38): (209, 160, 141, 255)
Led(24, 38): (216, 164, 145, 255)
Led(25, 38): (214, 166, 143, 255)
Led(26, 38): (210, 160, 135, 255)
Led(27, 38): (210, 158, 130, 255)
Led(28, 38): (200, 147, 116, 255)
Led(29, 38): (196, 142, 107, 255)
Led(30, 38): (185, 131, 102, 255)
Led(31, 38): (197, 152, 131, 255)
Led(32, 38): (196, 141, 117, 255)
Led(33, 38): (196, 146, 123, 255)
Led(34, 38): (205, 161, 138, 255)
Led(35, 38): (202, 158, 136, 255)
Led(36, 38): (189, 146, 123, 255)
Led(37, 38): (157, 116, 86, 255)
Led(38, 38): (131, 81, 50, 255)
Led(39, 38): (163, 103, 78, 255)
Led(40, 38): (166, 110, 85, 255)
Led(41, 38): (156, 107, 79, 255)
Led(42, 38): (163, 125, 100, 255)
Led(43, 38): (251, 248, 243, 255)
Led(44, 38): (252, 255, 254, 255)
Led(45, 38): (254, 254, 250, 255)
Led(46, 38): (253, 254, 254, 255)
Led(47, 38): (254, 254, 254, 255)
Led(48, 38): (254, 254, 254, 255)
Led(49, 38): (254, 254, 254, 255)
Led(0, 39): (254, 254, 254, 255)
Led(1, 39): (254, 254, 254, 255)
Led(2, 39): (254, 254, 254, 255)
Led(3, 39): (252, 255, 254, 255)
Led(4, 39): (255, 253, 253, 255)
Led(5, 39): (253, 254, 254, 255)
Led(6, 39): (250, 254, 255, 255)
Led(7, 39): (233, 212, 204, 255)
Led(8, 39): (211, 166, 154, 255)
Led(9, 39): (229, 200, 190, 255)
Led(10, 39): (239, 225, 210, 255)
Led(11, 39): (203, 162, 130, 255)
Led(12, 39): (202, 156, 122, 255)
Led(13, 39): (201, 150, 113, 255)
Led(14, 39): (200, 141, 103, 255)
Led(15, 39): (186, 126, 89, 255)
Led(16, 39): (163, 102, 69, 255)
Led(17, 39): (136, 77, 50, 255)
Led(18, 39): (144, 90, 65, 255)
Led(19, 39): (118, 68, 47, 255)
Led(20, 39): (184, 155, 151, 255)
Led(21, 39): (207, 185, 181, 255)
Led(22, 39): (192, 167, 157, 255)
Led(23, 39): (183, 146, 131, 255)
Led(24, 39): (193, 138, 118, 255)
Led(25, 39): (197, 147, 124, 255)
Led(26, 39): (221, 171, 147, 255)
Led(27, 39): (218, 167, 143, 255)
Led(28, 39): (203, 152, 126, 255)
Led(29, 39): (206, 152, 125, 255)
Led(30, 39): (208, 154, 127, 255)
Led(31, 39): (200, 147, 122, 255)
Led(32, 39): (180, 124, 97, 255)
Led(33, 39): (188, 129, 105, 255)
Led(34, 39): (189, 137, 113, 255)
Led(35, 39): (192, 148, 123, 255)
Led(36, 39): (181, 137, 112, 255)
Led(37, 39): (134, 86, 57, 255)
Led(38, 39): (142, 89, 57, 255)
Led(39, 39): (163, 109, 82, 255)
Led(40, 39): (167, 108, 80, 255)
Led(41, 39): (150, 102, 77, 255)
Led(42, 39): (205, 182, 167, 255)
Led(43, 39): (252, 252, 252, 255)
Led(44, 39): (252, 254, 254, 255)
Led(45, 39): (254, 254, 252, 255)
Led(46, 39): (254, 254, 254, 255)
Led(47, 39): (254, 254, 254, 255)
Led(48, 39): (254, 254, 254, 255)
Led(49, 39): (254, 254, 254, 255)
Led(0, 40): (254, 254, 254, 255)
Led(1, 40): (254, 254, 254, 255)
Led(2, 40): (254, 254, 254, 255)
Led(3, 40): (252, 255, 253, 255)
Led(4, 40): (255, 253, 253, 255)
Led(5, 40): (253, 254, 253, 255)
Led(6, 40): (254, 252, 250, 255)
Led(7, 40): (237, 217, 208, 255)
Led(8, 40): (213, 160, 145, 255)
Led(9, 40): (213, 158, 143, 255)
Led(10, 40): (202, 159, 142, 255)
Led(11, 40): (208, 161, 130, 255)
Led(12, 40): (207, 158, 125, 255)
Led(13, 40): (199, 149, 114, 255)
Led(14, 40): (192, 136, 99, 255)
Led(15, 40): (180, 122, 85, 255)
Led(16, 40): (164, 105, 73, 255)
Led(17, 40): (139, 83, 55, 255)
Led(18, 40): (107, 59, 39, 255)
Led(19, 40): (96, 51, 33, 255)
Led(20, 40): (138, 112, 108, 255)
Led(21, 40): (209, 193, 195, 255)
Led(22, 40): (209, 196, 195, 255)
Led(23, 40): (200, 173, 166, 255)
Led(24, 40): (194, 143, 129, 255)
Led(25, 40): (158, 106, 84, 255)
Led(26, 40): (202, 151, 129, 255)
Led(27, 40): (217, 166, 143, 255)
Led(28, 40): (213, 160, 137, 255)
Led(29, 40): (216, 161, 137, 255)
Led(30, 40): (197, 142, 119, 255)
Led(31, 40): (195, 141, 117, 255)
Led(32, 40): (183, 128, 99, 255)
Led(33, 40): (142, 83, 57, 255)
Led(34, 40): (166, 112, 87, 255)
Led(35, 40): (175, 131, 104, 255)
Led(36, 40): (157, 114, 86, 255)
Led(37, 40): (122, 74, 45, 255)
Led(38, 40): (150, 98, 68, 255)
Led(39, 40): (159, 103, 75, 255)
Led(40, 40): (156, 105, 81, 255)
Led(41, 40): (171, 143, 127, 255)
Led(42, 40): (251, 248, 240, 255)
Led(43, 40): (253, 253, 253, 255)
Led(44, 40): (254, 254, 254, 255)
Led(45, 40): (254, 254, 254, 255)
Led(46, 40): (254, 254, 254, 255)
Led(47, 40): (254, 254, 254, 255)
Led(48, 40): (254, 254, 254, 255)
Led(49, 40): (254, 254, 254, 255)
Led(0, 41): (254, 254, 254, 255)
Led(1, 41): (254, 254, 254, 255)
Led(2, 41): (254, 254, 254, 255)
Led(3, 41): (253, 255, 253, 255)
Led(4, 41): (255, 253, 255, 255)
Led(5, 41): (252, 254, 250, 255)
Led(6, 41): (232, 200, 191, 255)
Led(7, 41): (203, 155, 145, 255)
Led(8, 41): (225, 181, 166, 255)
Led(9, 41): (228, 171, 155, 255)
Led(10, 41): (214, 153, 137, 255)
Led(11, 41): (197, 144, 118, 255)
Led(12, 41): (204, 153, 124, 255)
Led(13, 41): (198, 149, 116, 255)
Led(14, 41): (182, 128, 92, 255)
Led(15, 41): (167, 112, 78, 255)
Led(16, 41): (158, 102, 71, 255)
Led(17, 41): (140, 88, 62, 255)
Led(18, 41): (60, 23, 10, 255)
Led(19, 41): (66, 35, 23, 255)
Led(20, 41): (67, 46, 42, 255)
Led(21, 41): (196, 180, 182, 255)
Led(22, 41): (212, 199, 201, 255)
Led(23, 41): (201, 174, 171, 255)
Led(24, 41): (179, 128, 117, 255)
Led(25, 41): (183, 127, 106, 255)
Led(26, 41): (176, 120, 100, 255)
Led(27, 41): (210, 154, 134, 255)
Led(28, 41): (208, 152, 130, 255)
Led(29, 41): (192, 135, 112, 255)
Led(30, 41): (210, 153, 131, 255)
Led(31, 41): (156, 99, 76, 255)
Led(32, 41): (172, 116, 87, 255)
Led(33, 41): (135, 86, 57, 255)
Led(34, 41): (169, 120, 93, 255)
Led(35, 41): (171, 123, 95, 255)
Led(36, 41): (126, 83, 50, 255)
Led(37, 41): (135, 91, 61, 255)
Led(38, 41): (147, 101, 74, 255)
Led(39, 41): (142, 98, 75, 255)
Led(40, 41): (182, 153, 140, 255)
Led(41, 41): (244, 240, 234, 255)
Led(42, 41): (249, 254, 251, 255)
Led(43, 41): (254, 254, 254, 255)
Led(44, 41): (254, 254, 254, 255)
Led(45, 41): (254, 254, 254, 255)
Led(46, 41): (254, 254, 254, 255)
Led(47, 41): (254, 254, 254, 255)
Led(48, 41): (254, 254, 254, 255)
Led(49, 41): (254, 254, 254, 255)
Led(0, 42): (254, 254, 254, 255)
Led(1, 42): (254, 254, 254, 255)
Led(2, 42): (254, 254, 254, 255)
Led(3, 42): (254, 254, 252, 255)
Led(4, 42): (254, 254, 254, 255)
Led(5, 42): (252, 253, 249, 255)
Led(6, 42): (230, 181, 166, 255)
Led(7, 42): (208, 131, 120, 255)
Led(8, 42): (232, 179, 165, 255)
Led(9, 42): (229, 180, 166, 255)
Led(10, 42): (223, 161, 148, 255)
Led(11, 42): (203, 146, 125, 255)
Led(12, 42): (179, 126, 100, 255)
Led(13, 42): (179, 131, 101, 255)
Led(14, 42): (174, 121, 88, 255)
Led(15, 42): (159, 105, 72, 255)
Led(16, 42): (149, 95, 65, 255)
Led(17, 42): (137, 87, 63, 255)
Led(18, 42): (56, 26, 15, 255)
Led(19, 42): (80, 57, 50, 255)
Led(20, 42): (123, 103, 100, 255)
Led(21, 42): (178, 158, 158, 255)
Led(22, 42): (203, 184, 184, 255)
Led(23, 42): (180, 148, 143, 255)
Led(24, 42): (191, 137, 126, 255)
Led(25, 42): (202, 144, 124, 255)
Led(26, 42): (203, 144, 125, 255)
Led(27, 42): (203, 145, 126, 255)
Led(28, 42): (203, 145, 122, 255)
Led(29, 42): (171, 111, 89, 255)
Led(30, 42): (193, 135, 113, 255)
Led(31, 42): (189, 131, 108, 255)
Led(32, 42): (144, 89, 61, 255)
Led(33, 42): (135, 90, 60, 255)
Led(34, 42): (162, 116, 88, 255)
Led(35, 42): (143, 96, 67, 255)
Led(36, 42): (118, 77, 45, 255)
Led(37, 42): (129, 91, 64, 255)
Led(38, 42): (136, 101, 78, 255)
Led(39, 42): (185, 169, 154, 255)
Led(40, 42): (243, 235, 232, 255)
Led(41, 42): (251, 250, 248, 255)
Led(42, 42): (252, 253, 249, 255)
Led(43, 42): (254, 254, 254, 255)
Led(44, 42): (254, 254, 254, 255)
Led(45, 42): (254, 254, 254, 255)
Led(46, 42): (254, 254, 254, 255)
Led(47, 42): (254, 254, 254, 255)
Led(48, 42): (254, 254, 254, 255)
Led(49, 42): (254, 254, 254, 255)
Led(0, 43): (254, 254, 254, 255)
Led(1, 43): (254, 254, 254, 255)
Led(2, 43): (254, 254, 254, 255)
Led(3, 43): (254, 254, 251, 255)
Led(4, 43): (255, 253, 253, 255)
Led(5, 43): (254, 252, 252, 255)
Led(6, 43): (221, 172, 159, 255)
Led(7, 43): (199, 133, 124, 255)
Led(8, 43): (229, 178, 164, 255)
Led(9, 43): (220, 174, 157, 255)
Led(10, 43): (216, 166, 149, 255)
Led(11, 43): (200, 151, 132, 255)
Led(12, 43): (195, 147, 128, 255)
Led(13, 43): (196, 147, 128, 255)
Led(14, 43): (185, 130, 106, 255)
Led(15, 43): (162, 111, 78, 255)
Led(16, 43): (144, 97, 66, 255)
Led(17, 43): (119, 75, 53, 255)
Led(18, 43): (96, 64, 50, 255)
Led(19, 43): (140, 113, 107, 255)
Led(20, 43): (167, 144, 145, 255)
Led(21, 43): (187, 168, 167, 255)
Led(22, 43): (189, 172, 167, 255)
Led(23, 43): (195, 170, 165, 255)
Led(24, 43): (188, 146, 142, 255)
Led(25, 43): (200, 140, 124, 255)
Led(26, 43): (213, 144, 129, 255)
Led(27, 43): (214, 146, 126, 255)
Led(28, 43): (194, 129, 102, 255)
Led(29, 43): (160, 98, 72, 255)
Led(30, 43): (202, 144, 120, 255)
Led(31, 43): (172, 118, 88, 255)
Led(32, 43): (166, 118, 92, 255)
Led(33, 43): (162, 118, 86, 255)
Led(34, 43): (130, 91, 62, 255)
Led(35, 43): (98, 64, 42, 255)
Led(36, 43): (136, 111, 94, 255)
Led(37, 43): (180, 163, 153, 255)
Led(38, 43): (212, 202, 197, 255)
Led(39, 43): (229, 228, 228, 255)
Led(40, 43): (244, 244, 244, 255)
Led(41, 43): (250, 250, 250, 255)
Led(42, 43): (253, 253, 253, 255)
Led(43, 43): (254, 254, 254, 255)
Led(44, 43): (254, 254, 254, 255)
Led(45, 43): (254, 254, 254, 255)
Led(46, 43): (254, 254, 254, 255)
Led(47, 43): (254, 254, 254, 255)
Led(48, 43): (254, 254, 254, 255)
Led(49, 43): (254, 254, 254, 255)
Led(0, 44): (254, 254, 254, 255)
Led(1, 44): (254, 254, 254, 255)
Led(2, 44): (254, 254, 254, 255)
Led(3, 44): (254, 254, 251, 255)
Led(4, 44): (255, 253, 253, 255)
Led(5, 44): (253, 253, 252, 255)
Led(6, 44): (229, 197, 188, 255)
Led(7, 44): (208, 150, 134, 255)
Led(8, 44): (228, 173, 156, 255)
Led(9, 44): (218, 170, 154, 255)
Led(10, 44): (211, 164, 149, 255)
Led(11, 44): (206, 157, 141, 255)
Led(12, 44): (210, 161, 144, 255)
Led(13, 44): (210, 161, 145, 255)
Led(14, 44): (205, 149, 129, 255)
Led(15, 44): (179, 122, 97, 255)
Led(16, 44): (139, 90, 65, 255)
Led(17, 44): (110, 73, 54, 255)
Led(18, 44): (147, 120, 110, 255)
Led(19, 44): (174, 151, 146, 255)
Led(20, 44): (182, 164, 163, 255)
Led(21, 44): (194, 177, 176, 255)
Led(22, 44): (198, 184, 180, 255)
Led(23, 44): (196, 177, 172, 255)
Led(24, 44): (197, 165, 162, 255)
Led(25, 44): (192, 141, 134, 255)
Led(26, 44): (208, 143, 126, 255)
Led(27, 44): (212, 141, 119, 255)
Led(28, 44): (180, 117, 94, 255)
Led(29, 44): (148, 91, 73, 255)
Led(30, 44): (193, 135, 117, 255)
Led(31, 44): (203, 148, 120, 255)
Led(32, 44): (182, 129, 99, 255)
Led(33, 44): (160, 120, 90, 255)
Led(34, 44): (134, 107, 88, 255)
Led(35, 44): (192, 174, 165, 255)
Led(36, 44): (222, 211, 205, 255)
Led(37, 44): (233, 228, 225, 255)
Led(38, 44): (241, 240, 242, 255)
Led(39, 44): (247, 247, 247, 255)
Led(40, 44): (251, 251, 251, 255)
Led(41, 44): (253, 253, 253, 255)
Led(42, 44): (254, 254, 254, 255)
Led(43, 44): (254, 254, 254, 255)
Led(44, 44): (254, 254, 254, 255)
Led(45, 44): (254, 254, 254, 255)
Led(46, 44): (254, 254, 254, 255)
Led(47, 44): (254, 254, 254, 255)
Led(48, 44): (254, 254, 254, 255)
Led(49, 44): (254, 254, 254, 255)
Led(0, 45): (254, 254, 254, 255)
Led(1, 45): (254, 254, 254, 255)
Led(2, 45): (254, 254, 254, 255)
Led(3, 45): (253, 255, 253, 255)
Led(4, 45): (255, 253, 253, 255)
Led(5, 45): (253, 253, 251, 255)
Led(6, 45): (232, 214, 209, 255)
Led(7, 45): (210, 172, 165, 255)
Led(8, 45): (218, 166, 158, 255)
Led(9, 45): (217, 160, 148, 255)
Led(10, 45): (209, 157, 141, 255)
Led(11, 45): (209, 160, 146, 255)
Led(12, 45): (216, 167, 153, 255)
Led(13, 45): (216, 167, 153, 255)
Led(14, 45): (213, 156, 141, 255)
Led(15, 45): (199, 136, 118, 255)
Led(16, 45): (155, 104, 85, 255)
Led(17, 45): (154, 124, 109, 255)
Led(18, 45): (183, 160, 156, 255)
Led(19, 45): (194, 177, 172, 255)
Led(20, 45): (202, 190, 186, 255)
Led(21, 45): (213, 198, 197, 255)
Led(22, 45): (214, 202, 200, 255)
Led(23, 45): (208, 196, 191, 255)
Led(24, 45): (208, 187, 183, 255)
Led(25, 45): (211, 178, 173, 255)
Led(26, 45): (195, 154, 135, 255)
Led(27, 45): (158, 115, 98, 255)
Led(28, 45): (134, 98, 89, 255)
Led(29, 45): (118, 86, 80, 255)
Led(30, 45): (162, 126, 116, 255)
Led(31, 45): (168, 131, 111, 255)
Led(32, 45): (179, 142, 125, 255)
Led(33, 45): (179, 154, 136, 255)
Led(34, 45): (213, 201, 194, 255)
Led(35, 45): (232, 226, 227, 255)
Led(36, 45): (243, 239, 238, 255)
Led(37, 45): (249, 246, 247, 255)
Led(38, 45): (251, 250, 252, 255)
Led(39, 45): (252, 252, 252, 255)
Led(40, 45): (254, 254, 254, 255)
Led(41, 45): (254, 254, 254, 255)
Led(42, 45): (254, 254, 254, 255)
Led(43, 45): (254, 254, 254, 255)
Led(44, 45): (254, 254, 254, 255)
Led(45, 45): (254, 254, 254, 255)
Led(46, 45): (254, 254, 254, 255)
Led(47, 45): (254, 254, 254, 255)
Led(48, 45): (254, 254, 254, 255)
Led(49, 45): (254, 254, 254, 255)
Led(0, 46): (254, 254, 254, 255)
Led(1, 46): (254, 254, 254, 255)
Led(2, 46): (254, 254, 254, 255)
Led(3, 46): (254, 254, 254, 255)
Led(4, 46): (255, 253, 254, 255)
Led(5, 46): (253, 253, 251, 255)
Led(6, 46): (254, 251, 250, 255)
Led(7, 46): (253, 250, 250, 255)
Led(8, 46): (250, 239, 235, 255)
Led(9, 46): (225, 201, 190, 255)
Led(10, 46): (198, 166, 150, 255)
Led(11, 46): (200, 153, 138, 255)
Led(12, 46): (210, 157, 144, 255)
Led(13, 46): (213, 155, 143, 255)
Led(14, 46): (209, 147, 133, 255)
Led(15, 46): (197, 133, 119, 255)
Led(16, 46): (161, 114, 100, 255)
Led(17, 46): (178, 155, 142, 255)
Led(18, 46): (205, 192, 189, 255)
Led(19, 46): (221, 212, 208, 255)
Led(20, 46): (227, 221, 216, 255)
Led(21, 46): (235, 227, 225, 255)
Led(22, 46): (236, 229, 227, 255)
Led(23, 46): (234, 226, 223, 255)
Led(24, 46): (231, 221, 218, 255)
Led(25, 46): (230, 217, 213, 255)
Led(26, 46): (229, 215, 204, 255)
Led(27, 46): (221, 208, 201, 255)
Led(28, 46): (214, 202, 198, 255)
Led(29, 46): (210, 197, 194, 255)
Led(30, 46): (213, 198, 194, 255)
Led(31, 46): (218, 202, 193, 255)
Led(32, 46): (226, 213, 208, 255)
Led(33, 46): (233, 223, 217, 255)
Led(34, 46): (242, 237, 233, 255)
Led(35, 46): (248, 246, 245, 255)
Led(36, 46): (251, 250, 249, 255)
Led(37, 46): (254, 252, 252, 255)
Led(38, 46): (255, 254, 254, 255)
Led(39, 46): (254, 254, 254, 255)
Led(40, 46): (254, 254, 254, 255)
Led(41, 46): (254, 254, 254, 255)
Led(42, 46): (254, 254, 254, 255)
Led(43, 46): (254, 254, 254, 255)
Led(44, 46): (254, 254, 254, 255)
Led(45, 46): (254, 254, 254, 255)
Led(46, 46): (254, 254, 254, 255)
Led(47, 46): (254, 254, 254, 255)
Led(48, 46): (254, 254, 254, 255)
Led(49, 46): (254, 254, 254, 255)
Led(0, 47): (254, 254, 254, 255)
Led(1, 47): (254, 254, 254, 255)
Led(2, 47): (254, 254, 254, 255)
Led(3, 47): (254, 254, 254, 255)
Led(4, 47): (254, 254, 254, 255)
Led(5, 47): (254, 254, 254, 255)
Led(6, 47): (254, 254, 254, 255)
Led(7, 47): (253, 254, 255, 255)
Led(8, 47): (254, 252, 251, 255)
Led(9, 47): (253, 247, 242, 255)
Led(10, 47): (230, 216, 206, 255)
Led(11, 47): (198, 172, 160, 255)
Led(12, 47): (186, 151, 142, 255)
Led(13, 47): (190, 147, 141, 255)
Led(14, 47): (191, 147, 137, 255)
Led(15, 47): (186, 147, 138, 255)
Led(16, 47): (196, 171, 163, 255)
Led(17, 47): (219, 209, 201, 255)
Led(18, 47): (229, 222, 220, 255)
Led(19, 47): (240, 236, 232, 255)
Led(20, 47): (246, 245, 240, 255)
Led(21, 47): (249, 246, 245, 255)
Led(22, 47): (250, 245, 245, 255)
Led(23, 47): (251, 246, 246, 255)
Led(24, 47): (248, 244, 243, 255)
Led(25, 47): (247, 243, 239, 255)
Led(26, 47): (246, 242, 238, 255)
Led(27, 47): (243, 239, 236, 255)
Led(28, 47): (240, 234, 231, 255)
Led(29, 47): (239, 231, 228, 255)
Led(30, 47): (239, 232, 228, 255)
Led(31, 47): (242, 235, 231, 255)
Led(32, 47): (243, 239, 235, 255)
Led(33, 47): (249, 245, 242, 255)
Led(34, 47): (253, 249, 245, 255)
Led(35, 47): (254, 251, 249, 255)
Led(36, 47): (253, 253, 253, 255)
Led(37, 47): (254, 254, 254, 255)
Led(38, 47): (254, 254, 254, 255)
Led(39, 47): (254, 254, 254, 255)
Led(40, 47): (254, 254, 254, 255)
Led(41, 47): (254, 254, 254, 255)
Led(42, 47): (254, 254, 254, 255)
Led(43, 47): (254, 254, 254, 255)
Led(44, 47): (254, 254, 254, 255)
Led(45, 47): (254, 254, 254, 255)
Led(46, 47): (254, 254, 254, 255)
Led(47, 47): (254, 254, 254, 255)
Led(48, 47): (254, 254, 254, 255)
Led(49, 47): (254, 254, 254, 255)
Led(0, 48): (254, 254, 254, 255)
Led(1, 48): (254, 254, 254, 255)
Led(2, 48): (254, 254, 254, 255)
Led(3, 48): (254, 254, 254, 255)
Led(4, 48): (254, 254, 254, 255)
Led(5, 48): (254, 254, 254, 255)
Led(6, 48): (254, 254, 254, 255)
Led(7, 48): (254, 254, 254, 255)
Led(8, 48): (254, 254, 253, 255)
Led(9, 48): (252, 250, 248, 255)
Led(10, 48): (245, 241, 237, 255)
Led(11, 48): (231, 224, 218, 255)
Led(12, 48): (226, 214, 210, 255)
Led(13, 48): (227, 211, 208, 255)
Led(14, 48): (226, 210, 208, 255)
Led(15, 48): (224, 215, 212, 255)
Led(16, 48): (228, 226, 222, 255)
Led(17, 48): (240, 238, 236, 255)
Led(18, 48): (249, 245, 244, 255)
Led(19, 48): (251, 249, 248, 255)
Led(20, 48): (251, 252, 250, 255)
Led(21, 48): (253, 253, 253, 255)
Led(22, 48): (254, 252, 253, 255)
Led(23, 48): (254, 252, 253, 255)
Led(24, 48): (253, 251, 252, 255)
Led(25, 48): (252, 251, 250, 255)
Led(26, 48): (252, 251, 249, 255)
Led(27, 48): (252, 251, 249, 255)
Led(28, 48): (252, 249, 247, 255)
Led(29, 48): (252, 248, 245, 255)
Led(30, 48): (251, 248, 245, 255)
Led(31, 48): (252, 249, 245, 255)
Led(32, 48): (252, 250, 249, 255)
Led(33, 48): (253, 252, 250, 255)
Led(34, 48): (255, 254, 252, 255)
Led(35, 48): (254, 254, 253, 255)
Led(36, 48): (254, 254, 254, 255)
Led(37, 48): (254, 254, 254, 255)
Led(38, 48): (254, 254, 254, 255)
Led(39, 48): (254, 254, 254, 255)
Led(40, 48): (254, 254, 254, 255)
Led(41, 48): (254, 254, 254, 255)
Led(42, 48): (254, 254, 254, 255)
Led(43, 48): (254, 254, 254, 255)
Led(44, 48): (254, 254, 254, 255)
Led(45, 48): (254, 254, 254, 255)
Led(46, 48): (254, 254, 254, 255)
Led(47, 48): (254, 254, 254, 255)
Led(48, 48): (254, 254, 254, 255)
Led(49, 48): (254, 254, 254, 255)
Led(0, 49): (254, 254, 254, 255)
Led(1, 49): (254, 254, 254, 255)
Led(2, 49): (254, 254, 254, 255)
Led(3, 49): (254, 254, 254, 255)
Led(4, 49): (254, 254, 254, 255)
Led(5, 49): (254, 254, 254, 255)
Led(6, 49): (254, 254, 254, 255)
Led(7, 49): (255, 254, 252, 255)
Led(8, 49): (254, 254, 254, 255)
Led(9, 49): (252, 253, 254, 255)
Led(10, 49): (249, 249, 249, 255)
Led(11, 49): (252, 244, 241, 255)
Led(12, 49): (250, 241, 239, 255)
Led(13, 49): (248, 238, 236, 255)
Led(14, 49): (247, 239, 240, 255)
Led(15, 49): (244, 244, 242, 255)
Led(16, 49): (248, 248, 244, 255)
Led(17, 49): (254, 247, 246, 255)
Led(18, 49): (254, 251, 252, 255)
Led(19, 49): (254, 254, 254, 255)
Led(20, 49): (252, 255, 254, 255)
Led(21, 49): (254, 254, 255, 255)
Led(22, 49): (255, 254, 255, 255)
Led(23, 49): (255, 254, 255, 255)
Led(24, 49): (255, 254, 255, 255)
Led(25, 49): (254, 254, 254, 255)
Led(26, 49): (254, 254, 254, 255)
Led(27, 49): (254, 254, 254, 255)
Led(28, 49): (253, 254, 252, 255)
Led(29, 49): (253, 254, 251, 255)
Led(30, 49): (253, 254, 251, 255)
Led(31, 49): (253, 254, 251, 255)
Led(32, 49): (254, 254, 254, 255)
Led(33, 49): (254, 254, 254, 255)
Led(34, 49): (254, 254, 254, 255)
Led(35, 49): (254, 254, 254, 255)
Led(36, 49): (254, 254, 254, 255)
Led(37, 49): (254, 254, 254, 255)
Led(38, 49): (254, 254, 254, 255)
Led(39, 49): (254, 254, 254, 255)
Led(40, 49): (254, 254, 254, 255)
Led(41, 49): (254, 254, 254, 255)
Led(42, 49): (254, 254, 254, 255)
Led(43, 49): (254, 254, 254, 255)
Led(44, 49): (254, 254, 254, 255)
Led(45, 49): (254, 254, 254, 255)
Led(46, 49): (254, 254, 254, 255)
Led(47, 49): (254, 254, 254, 255)
Led(48, 49): (254, 254, 254, 255)
Led(49, 49): (254, 254, 254, 255)
